QID	cand_solfracs	cand_slack	dual_coil	coil_cons_degree	coil_obj_count	coil_obj_mean	coil_obj_max	coil_obj_min	coil_obj_variance	coil_y_count	coil_y_mean	coil_y_max	coil_y_min	coil_y_variance	coil_product_mean	coil_product_max	coil_product_min	coil_product_variance	coil_weight	coil_weight_C512	coil_weight_C008	coil_weight_RH	coil_num_SR	coil_constraint_bc	coil_in_up	coil_cons_bind_count	coil_cons_bind_max	coil_cons_bind_min	coil_cons_bind_mean	coil_cons_bind_variance	coil_label	
0	0.4488	0.5512	0	0.09375	0.046875	0.604202	0.626084	0.626084	0.000283776	0.046875	0.1496	0.4488	0.4488	0.0447604	0.0875316	0.262595	0	0.0153236	0.431984	0	0.143995	0.0646249	0	0	1	0.3125	0.046875	0	0.021875	0.000449219	1	
0	0.4488	0.5512	0	0.09375	0.046875	0.604202	0.626084	0.626084	0.000283776	0.046875	0.1496	0.4488	0.4488	0.0447604	0.0875316	0.262595	0	0.0153236	0.557709	0	0.185903	0.0834333	0	0	1	0.3125	0.046875	0	0.021875	0.000449219	1	
0	0.4488	0.5512	0	0.0625	0.03125	0.617216	0.649328	0.649328	0.00103117	0.03125	0.2244	0.4488	0.4488	0.0503554	0.131297	0.262595	0	0.017239	0.559304	0	0.186435	0.0836719	0	0	1	0.3125	0.03125	0	0.0125	0.000234375	0	
0	0.736864	0.263136	0	0.125	0.0625	0.723992	0.832078	0.832078	0.00489403	0.0625	0.184216	0.736864	0.736864	0.101807	0.12082	0.483281	0	0.0437926	0.387755	0.129252	0	0.095241	0	0	1	0.3125	0.0625	0	0.028125	0.000820313	0	
0	0.814336	0.185664	0	0.0625	0.03125	0.559593	0.559593	0.559593	0	0.03125	0.407168	0.814336	0.814336	0.165786	0.227848	0.455696	0	0.0519148	0.424908	0	0.141636	0.115339	0	0	1	0.3125	0.03125	0	0.01875	0.000234375	0	
0	0.736864	0.263136	0	0.09375	0.046875	0.742326	0.832078	0.832078	0.00518074	0.046875	0.245621	0.736864	0.736864	0.12066	0.161094	0.483281	0	0.0519023	0.467606	0.155869	0	0.114854	0	0	0	0.3125	0.046875	0	0.021875	0.000449219	0	
0	0.814336	0.185664	0	0.0625	0.03125	0.559593	0.559593	0.559593	0	0.03125	0.407168	0.814336	0.814336	0.165786	0.227848	0.455696	0	0.0519148	0.591394	0.197131	0	0.160531	0	0	1	0.3125	0.03125	0	0.01875	0.000234375	0	
0	0.736864	0.263136	0	0.0625	0.03125	0.662425	0.668988	0.668988	4.30742e-05	0.03125	0.368432	0.736864	0.736864	0.135742	0.24164	0.483281	0	0.0583901	0.480337	0.160112	0	0.117981	0	0	1	0.3125	0.03125	0	0.0125	0.000234375	0	
0	0.736864	0.263136	0	0.0625	0.03125	0.662425	0.668988	0.668988	4.30742e-05	0.03125	0.368432	0.736864	0.736864	0.135742	0.24164	0.483281	0	0.0583901	0.347566	0.115855	0	0.0853695	0	0	1	0.3125	0.03125	0	0.0125	0.000234375	0	
1	0.0832285	0.916772	0	0.15625	0.078125	0.609359	0.647469	0.647469	0.000811286	0.078125	0.0166457	0.0832285	0.0832285	0.00110832	0.00988121	0.0494061	0	0.000390553	0.60863	0.202877	0	0.0168851	0	0	0	0.375	0.078125	0	0.0442708	0.00125461	0	
1	0.0832285	0.916772	0	0.09375	0.046875	0.612252	0.626084	0.626084	0.000187174	0.046875	0.0277428	0.0832285	0.0832285	0.00153933	0.0164687	0.0494061	0	0.000542435	0.488101	0	0.1627	0.0135413	0	0	0	0.375	0.046875	0	0.0234375	0.000386556	0	
1	0.0832285	0.916772	0	0.0625	0.03125	0.578786	0.59362	0.59362	0.000220032	0.03125	0.0416142	0.0832285	0.0832285	0.00173174	0.024703	0.0494061	0	0.00061024	0.427353	0	0.142451	0.011856	0	0	0	0.375	0.03125	0	0.015625	0.000244141	0	
1	0.896174	0.103826	0	0.0625	0.03125	0.617216	0.649328	0.649328	0.00103117	0.03125	0.448087	0.896174	0.896174	0.200782	0.262177	0.524355	0	0.068737	0.559304	0	0.186435	0.167078	0	0	1	0.375	0.03125	0	0.0130208	0.000196669	0	
1	0.916772	0.0832285	0	0.03125	0.015625	0.559593	0.559593	0.559593	0	0.015625	0.916772	0.916772	0.916772	0	0.513019	0.513019	0.513019	0	0.424908	0	0.141636	0.129848	0	0	1	0.375	0.015625	0	0.0078125	6.10352e-05	1	
1	0.916772	0.0832285	0	0.03125	0.015625	0.559593	0.559593	0.559593	0	0.015625	0.916772	0.916772	0.916772	0	0.513019	0.513019	0.513019	0	0.591394	0.197131	0	0.180725	0	0	1	0.375	0.015625	0	0.0078125	6.10352e-05	1	
1	0.103826	0.896174	0	0.09375	0.046875	0.703764	0.832078	0.832078	0.00880762	0.046875	0.0346086	0.103826	0.103826	0.00239551	0.0211191	0.0633574	0	0.000892035	0.524599	0.174866	0	0.0181557	0	0	1	0.375	0.046875	0	0.0260417	0.000298394	0	
2	0.128576	0.871424	0	0.125	0.0625	0.620437	0.638286	0.638286	0.000175669	0.0625	0.032144	0.128576	0.128576	0.00309971	0.0193388	0.077355	0	0.00112196	0.403437	0.134479	0	0.0172908	0	0	0	0.625	0.0625	0	0.0265625	0.000783691	0	
2	0.128576	0.871424	0	0.125	0.0625	0.605987	0.610249	0.610249	2.12561e-05	0.0625	0.032144	0.128576	0.128576	0.00309971	0.0194314	0.0777256	0	0.00113274	0.404802	0	0.134934	0.0173493	0	0	0	0.625	0.0625	0	0.03125	0.000537109	0	
2	0.128576	0.871424	0	0.09375	0.046875	0.629747	0.649328	0.649328	0.000415651	0.046875	0.0428587	0.128576	0.128576	0.00367373	0.025785	0.077355	0	0.00132973	0.559304	0	0.186435	0.023971	0	0	1	0.625	0.046875	0	0.015625	0.000341797	0	
2	0.370711	0.629289	0	0.125	0.0625	0.723992	0.832078	0.832078	0.00489403	0.0625	0.0926778	0.370711	0.370711	0.0257675	0.0607838	0.243135	0	0.011084	0.387755	0.129252	0	0.0479151	0	0	1	0.625	0.0625	0	0.0140625	0.00060791	1	
2	0.500713	0.499287	0	0.0625	0.03125	0.588531	0.61747	0.61747	0.000837438	0.03125	0.250356	0.500713	0.500713	0.0626783	0.140098	0.280195	0	0.0196273	0.424908	0	0.141636	0.0709189	0	0	1	0.625	0.03125	0	0.0109375	0.000197754	0	
2	0.370711	0.629289	0	0.09375	0.046875	0.742326	0.832078	0.832078	0.00518074	0.046875	0.12357	0.370711	0.370711	0.0305393	0.0810451	0.243135	0	0.0131366	0.467606	0.155869	0	0.0577823	0	0	0	0.625	0.046875	0	0.0109375	0.000344238	0	
2	0.500713	0.499287	0	0.0625	0.03125	0.588531	0.61747	0.61747	0.000837438	0.03125	0.250356	0.500713	0.500713	0.0626783	0.140098	0.280195	0	0.0196273	0.591394	0.197131	0	0.0987062	0	0	1	0.625	0.03125	0	0.0109375	0.000197754	0	
2	0.370711	0.629289	0	0.0625	0.03125	0.662425	0.668988	0.668988	4.30742e-05	0.03125	0.185356	0.370711	0.370711	0.0343567	0.121568	0.243135	0	0.0147787	0.480337	0.160112	0	0.0593555	0	0	1	0.625	0.03125	0	0.00625	0.00015625	0	
2	0.370711	0.629289	0	0.0625	0.03125	0.662425	0.668988	0.668988	4.30742e-05	0.03125	0.185356	0.370711	0.370711	0.0343567	0.121568	0.243135	0	0.0147787	0.347566	0.115855	0	0.0429488	0	0	1	0.625	0.03125	0	0.00625	0.00015625	0	
3	0.0652755	0.934724	0	0.15625	0.078125	0.609359	0.647469	0.647469	0.000811286	0.078125	0.0130551	0.0652755	0.0652755	0.000681743	0.00845278	0.0422639	0	0.000285798	0.60863	0.202877	0	0.0132429	0	0	0	0.5	0.078125	0	0.03125	0.00134277	1	
3	0.969171	0.030829	0	0.0625	0.03125	0.617216	0.649328	0.649328	0.00103117	0.03125	0.484586	0.969171	0.969171	0.234823	0.283533	0.567066	0	0.0803909	0.559304	0	0.186435	0.180687	0	0	1	0.5	0.03125	0	0.00976562	0.000179291	0	
3	0.030829	0.969171	0	0.09375	0.046875	0.703764	0.832078	0.832078	0.00880762	0.046875	0.0102763	0.030829	0.030829	0.000211206	0.00627089	0.0188127	0	7.86482e-05	0.524599	0.174866	0	0.00539095	0	0	1	0.5	0.046875	0	0.0214844	0.000301361	0	
4	0.0441209	0.955879	0	0.09375	0.046875	0.612252	0.626084	0.626084	0.000187174	0.046875	0.014707	0.0441209	0.0441209	0.000432591	0.00873036	0.0261911	0	0.000152438	0.488101	0	0.1627	0.00717849	0	0	0	0.4375	0.046875	0	0.0200893	0.000398597	0	
4	0.926294	0.0737062	0	0.0625	0.03125	0.617216	0.649328	0.649328	0.00103117	0.03125	0.463147	0.926294	0.926294	0.214505	0.270989	0.541978	0	0.0734351	0.559304	0	0.186435	0.172693	0	0	1	0.4375	0.03125	0	0.0111607	0.000189334	1	
4	0.0737062	0.926294	0	0.09375	0.046875	0.703764	0.832078	0.832078	0.00880762	0.046875	0.0245687	0.0737062	0.0737062	0.00120724	0.0149925	0.0449775	0	0.00044955	0.524599	0.174866	0	0.0128887	0	0	1	0.4375	0.046875	0	0.0223214	0.000338807	1	
5	0.428362	0.571638	0	0.125	0.0625	0.614891	0.624703	0.624703	4.59254e-05	0.0625	0.10709	0.328367	0.328367	0.0179876	0.0652887	0.199411	0	0.00663165	0.55603	0	0.185343	0.079394	0	0	1	0.4375	0.0625	0	0.0357143	0.00060786	1	
5	0.328367	0.671633	0	0.09375	0.046875	0.612252	0.626084	0.626084	0.000187174	0.046875	0.109456	0.328367	0.328367	0.0239611	0.064975	0.194925	0	0.00844351	0.488101	0	0.1627	0.0534254	0	0	0	0.4375	0.046875	0	0.0245536	0.000338807	0	
5	0.328367	0.671633	0	0.0625	0.03125	0.578786	0.59362	0.59362	0.000220032	0.03125	0.164183	0.328367	0.328367	0.0269562	0.0974625	0.194925	0	0.00949895	0.427353	0	0.142451	0.0467762	0	0	0	0.4375	0.03125	0	0.0178571	0.000239158	0	
5	0.671633	0.328367	0	0.125	0.0625	0.723992	0.832078	0.832078	0.00489403	0.0625	0.167908	0.671633	0.671633	0.0845796	0.110125	0.440498	0	0.0363823	0.387755	0.129252	0	0.0868098	0	0	1	0.4375	0.0625	0	0.0200893	0.000747369	0	
5	0.671633	0.328367	0	0.09375	0.046875	0.742326	0.832078	0.832078	0.00518074	0.046875	0.223878	0.671633	0.671633	0.100242	0.146833	0.440498	0	0.0431197	0.467606	0.155869	0	0.104687	0	0	0	0.4375	0.046875	0	0.015625	0.000418527	0	
5	0.671633	0.328367	0	0.0625	0.03125	0.662425	0.668988	0.668988	4.30742e-05	0.03125	0.335817	0.671633	0.671633	0.112773	0.220249	0.440498	0	0.0485097	0.480337	0.160112	0	0.107537	0	0	1	0.4375	0.03125	0	0.00892857	0.000199298	0	
5	0.671633	0.328367	0	0.0625	0.03125	0.662425	0.668988	0.668988	4.30742e-05	0.03125	0.335817	0.671633	0.671633	0.112773	0.220249	0.440498	0	0.0485097	0.347566	0.115855	0	0.0778122	0	0	1	0.4375	0.03125	0	0.00892857	0.000199298	0	
6	0.104636	0.895364	0	0.0625	0.03125	0.610179	0.610249	0.610249	4.945e-09	0.03125	0.052318	0.104636	0.104636	0.00273717	0.031927	0.063854	0	0.00101933	0.404802	0	0.134934	0.0141189	0	0	0	0.4375	0.03125	0	0.015625	0.000209263	0	
6	0.89344	0.10656	0	0.0625	0.03125	0.617216	0.649328	0.649328	0.00103117	0.03125	0.44672	0.89344	0.89344	0.199559	0.261378	0.522755	0	0.0683182	0.559304	0	0.186435	0.166568	0	0	1	0.4375	0.03125	0	0.0111607	0.000189334	1	
6	0.10656	0.89344	0	0.09375	0.046875	0.703764	0.832078	0.832078	0.00880762	0.046875	0.0355201	0.10656	0.10656	0.00252335	0.0216753	0.065026	0	0.00093964	0.524599	0.174866	0	0.0186338	0	0	1	0.4375	0.046875	0	0.0223214	0.000338807	0	
7	0.0731226	0.926877	0	0.21875	0.109375	0.674775	0.832078	0.832078	0.00622656	0.109375	0.0104461	0.0731226	0.0731226	0.000654725	0.00641665	0.0449165	0	0.00024704	0.414909	0.138303	0	0.0101131	0	0	0	0.4375	0.109375	0	0.0446429	0.00268056	0	
7	0.926877	0.0731226	0	0.15625	0.078125	0.700526	0.832078	0.832078	0.00611783	0.078125	0.185375	0.893243	0.893243	0.125439	0.112791	0.541897	0	0.0461058	0.387755	0.129252	0	0.119801	0	0	1	0.4375	0.078125	0	0.0245536	0.00117586	1	
7	0.0336346	0.966365	0	0.09375	0.046875	0.742326	0.832078	0.832078	0.00518074	0.046875	0.0112115	0.0336346	0.0336346	0.000251396	0.00735321	0.0220596	0	0.000108139	0.467606	0.155869	0	0.00524257	0	0	0	0.4375	0.046875	0	0.015625	0.000418527	0	
7	0.0731226	0.926877	0	0.15625	0.078125	0.658956	0.73904	0.73904	0.00229487	0.078125	0.0146245	0.0731226	0.0731226	0.000855507	0.0089833	0.0449165	0	0.000322799	0.277408	0	0.0924693	0.0067616	0	0	0	0.4375	0.078125	0	0.0334821	0.00149474	0	
7	0.0731226	0.926877	0	0.09375	0.046875	0.626153	0.667629	0.667629	0.000912281	0.046875	0.0243742	0.0731226	0.0731226	0.0011882	0.0149722	0.0449165	0	0.000448332	0.335025	0.111675	0	0.00816598	0	0	0	0.4375	0.046875	0	0.0200893	0.000538106	0	
7	0.0731226	0.926877	0	0.09375	0.046875	0.626153	0.667629	0.667629	0.000912281	0.046875	0.0243742	0.0731226	0.0731226	0.0011882	0.0149722	0.0449165	0	0.000448332	0.427083	0	0.142361	0.0104098	0	0	0	0.4375	0.046875	0	0.0200893	0.000538106	0	
7	0.926877	0.0731226	0	0.09375	0.046875	0.643837	0.668988	0.668988	0.000719711	0.046875	0.308959	0.893243	0.893243	0.170882	0.187985	0.541897	0	0.0627077	0.480337	0.160112	0	0.148405	0	0	1	0.4375	0.046875	0	0.0133929	0.000448422	1	
7	0.926877	0.0731226	0	0.09375	0.046875	0.643837	0.668988	0.668988	0.000719711	0.046875	0.308959	0.893243	0.893243	0.170882	0.187985	0.541897	0	0.0627077	0.347566	0.115855	0	0.107384	0	0	1	0.4375	0.046875	0	0.0133929	0.000448422	1	
8	0.947649	0.0523505	0	0.09375	0.046875	0.626484	0.647469	0.647469	0.000270767	0.046875	0.315883	0.947649	0.947649	0.199564	0.19183	0.57549	0	0.0735974	0.487308	0	0.162436	0.153932	0	0	1	0.5	0.046875	0	0.0253906	0.000423431	0	
8	0.095842	0.904158	0	0.09375	0.046875	0.612252	0.626084	0.626084	0.000187174	0.046875	0.0319473	0.095842	0.095842	0.00204127	0.0197131	0.0591394	0	0.000777215	0.488101	0	0.1627	0.0155935	0	0	0	0.5	0.046875	0	0.0214844	0.000362396	0	
8	0.095842	0.904158	0	0.09375	0.046875	0.618918	0.638286	0.638286	0.000228291	0.046875	0.0319473	0.095842	0.095842	0.00204127	0.0197131	0.0591394	0	0.000777215	0.403437	0.134479	0	0.0128887	0	0	0	0.5	0.046875	0	0.0253906	0.000362396	1	
8	0.904158	0.095842	0	0.0625	0.03125	0.578786	0.59362	0.59362	0.000220032	0.03125	0.452079	0.904158	0.904158	0.204375	0.254951	0.509902	0	0.0650001	0.427353	0	0.142451	0.128798	0	0	0	0.5	0.03125	0	0.015625	0.000244141	0	
9	0.948441	0.0515594	0	0.125	0.0625	0.605104	0.624703	0.624703	0.000282792	0.0625	0.23711	0.948441	0.948441	0.168664	0.143993	0.57597	0	0.0622016	0.55603	0	0.185343	0.175787	0	0	1	0.5625	0.0625	0	0.03125	0.000705295	1	
9	0.0184263	0.981574	0	0.0625	0.03125	0.609852	0.626084	0.626084	0.000263487	0.03125	0.00921314	0.0184263	0.0184263	8.48819e-05	0.0054691	0.0109382	0	2.99111e-05	0.488101	0	0.1627	0.00299796	0	0	0	0.5625	0.03125	0	0.0121528	0.000150704	0	
9	0.948441	0.0515594	0	0.0625	0.03125	0.578786	0.59362	0.59362	0.000220032	0.03125	0.47422	0.930014	0.930014	0.207748	0.267711	0.524484	0.0109382	0.0659324	0.427353	0	0.142451	0.135106	0	0	0	0.5625	0.03125	0	0.0138889	0.000241127	0	
9	0.0515594	0.948441	0	0.15625	0.078125	0.7008	0.832078	0.832078	0.00633842	0.078125	0.0103119	0.0515594	0.0515594	0.00042534	0.00615175	0.0307587	0	0.000151376	0.414909	0.138303	0	0.00713083	0	0	0	0.5625	0.078125	0	0.0277778	0.00112727	1	
9	0.0515594	0.948441	0	0.0625	0.03125	0.632099	0.667629	0.667629	0.00126238	0.03125	0.0257797	0.0515594	0.0515594	0.000664594	0.0153794	0.0307587	0	0.000236525	0.335025	0.111675	0	0.00575791	0	0	0	0.5625	0.03125	0	0.0104167	0.000217014	0	
9	0.0515594	0.948441	0	0.0625	0.03125	0.632099	0.667629	0.667629	0.00126238	0.03125	0.0257797	0.0515594	0.0515594	0.000664594	0.0153794	0.0307587	0	0.000236525	0.427083	0	0.142361	0.00734005	0	0	0	0.5625	0.03125	0	0.0104167	0.000217014	0	
10	0.956889	0.0431109	0	0.125	0.0625	0.605104	0.624703	0.624703	0.000282792	0.0625	0.239222	0.956889	0.956889	0.171682	0.145275	0.581101	0	0.0633147	0.55603	0	0.185343	0.177353	0	0	1	0.625	0.0625	0	0.028125	0.000722656	0	
10	0.022017	0.977983	0	0.0625	0.03125	0.609852	0.626084	0.626084	0.000263487	0.03125	0.0110085	0.022017	0.022017	0.000121188	0.00653488	0.0130698	0	4.27046e-05	0.488101	0	0.1627	0.00358218	0	0	0	0.625	0.03125	0	0.0109375	0.000148926	0	
10	0.0431109	0.956889	0	0.03125	0.015625	0.619101	0.619101	0.619101	0	0.015625	0.0431109	0.0431109	0.0431109	0	0.02669	0.02669	0.02669	0	0.427259	0.14242	0	0.00613984	0	0	0	0.625	0.015625	0	0.0046875	5.12695e-05	1	
10	0.0431109	0.956889	0	0.03125	0.015625	0.619101	0.619101	0.619101	0	0.015625	0.0431109	0.0431109	0.0431109	0	0.02669	0.02669	0.02669	0	0.469642	0.156547	0	0.00674889	0	0	0	0.625	0.015625	0	0.0046875	5.12695e-05	1	
10	0.956889	0.0431109	0	0.0625	0.03125	0.578786	0.59362	0.59362	0.000220032	0.03125	0.478445	0.934872	0.934872	0.208326	0.270147	0.527224	0.0130698	0.0660886	0.427353	0	0.142451	0.13631	0	0	0	0.625	0.03125	0	0.0125	0.000234375	0	
10	0.0431109	0.956889	0	0.03125	0.015625	0.619101	0.619101	0.619101	0	0.015625	0.0431109	0.0431109	0.0431109	0	0.02669	0.02669	0.02669	0	0.277408	0	0.0924693	0.00398643	0	0	0	0.625	0.015625	0	0.0046875	5.12695e-05	1	
11	0.917853	0.0821474	0	0.0625	0.03125	0.608765	0.610249	0.610249	2.20209e-06	0.03125	0.458926	0.917853	0.917853	0.210613	0.278697	0.557395	0	0.0776722	0.487308	0	0.162436	0.149092	0	0	1	0.5	0.03125	0	0.0136719	0.000209808	0	
11	0.0821474	0.917853	0	0.03125	0.015625	0.668683	0.668683	0.668683	0	0.015625	0.0821474	0.0821474	0.0821474	0	0.0549306	0.0549306	0.0549306	0	0.427259	0.14242	0	0.0116994	0	0	0	0.5	0.015625	0	0.00585938	5.72205e-05	1	
11	0.917853	0.0821474	0	0.09375	0.046875	0.609213	0.610249	0.610249	1.86905e-06	0.046875	0.305951	0.917853	0.917853	0.187212	0.185798	0.557395	0	0.069042	0.66944	0.223147	0	0.204816	0	0	1	0.5	0.046875	0	0.0214844	0.000484467	0	
11	0.0821474	0.917853	0	0.03125	0.015625	0.668683	0.668683	0.668683	0	0.015625	0.0821474	0.0821474	0.0821474	0	0.0549306	0.0549306	0.0549306	0	0.469642	0.156547	0	0.01286	0	0	0	0.5	0.015625	0	0.00585938	5.72205e-05	1	
11	0.0821474	0.917853	0	0.15625	0.078125	0.714615	0.832078	0.832078	0.0042219	0.078125	0.0164295	0.0821474	0.0821474	0.00107971	0.0109861	0.0549306	0	0.000482779	0.414909	0.138303	0	0.0113612	0	0	0	0.5	0.078125	0	0.03125	0.00115967	0	
11	0.94504	0.0549604	0	0.09375	0.046875	0.742326	0.832078	0.832078	0.00518074	0.046875	0.315013	0.94504	0.94504	0.198467	0.206605	0.619815	0	0.0853713	0.467606	0.155869	0	0.147302	0	0	0	0.5	0.046875	0	0.0195312	0.000473022	0	
11	0.0821474	0.917853	0	0.09375	0.046875	0.691784	0.73904	0.73904	0.00111676	0.046875	0.0273825	0.0821474	0.0821474	0.0014996	0.0183102	0.0549306	0	0.000670527	0.277408	0	0.0924693	0.00759611	0	0	0	0.5	0.046875	0	0.0195312	0.000473022	0	
11	0.0549604	0.94504	0	0.15625	0.078125	0.688341	0.832078	0.832078	0.00602985	0.078125	0.0109921	0.0549604	0.0549604	0.000483304	0.00735357	0.0367679	0	0.0002163	0.524599	0.174866	0	0.00961073	0	0	1	0.5	0.078125	0	0.0351562	0.000839233	0	
12	0.926294	0.0737062	0	0.09375	0.046875	0.607139	0.626084	0.626084	0.000284669	0.046875	0.308765	0.926294	0.926294	0.190671	0.180659	0.541978	0	0.0652756	0.557709	0	0.185903	0.172201	0	0	1	0.625	0.046875	0	0.0171875	0.000412598	1	
12	0.0438801	0.95612	0	0.0625	0.03125	0.609852	0.626084	0.626084	0.000263487	0.03125	0.0219401	0.0438801	0.0438801	0.000481367	0.0130241	0.0260481	0	0.000169626	0.488101	0	0.1627	0.00713931	0	0	0	0.625	0.03125	0	0.0109375	0.000148926	0	
12	0.0737062	0.926294	0	0.21875	0.109375	0.636098	0.668988	0.668988	0.000328706	0.109375	0.0105295	0.0737062	0.0737062	0.000665216	0.00669494	0.0468646	0	0.000268934	0.524599	0.174866	0	0.0128887	0	0	1	0.625	0.109375	0	0.04375	0.00150391	0	
13	0.963147	0.0368531	0	0.125	0.0625	0.605104	0.624703	0.624703	0.000282792	0.0625	0.240787	0.963147	0.963147	0.173935	0.146225	0.584901	0	0.0641455	0.55603	0	0.185343	0.178513	0	0	1	0.625	0.0625	0	0.025	0.000791016	0	
13	0.0075123	0.992488	0	0.0625	0.03125	0.609852	0.626084	0.626084	0.000263487	0.03125	0.00375615	0.0075123	0.0075123	1.41087e-05	0.00222973	0.00445945	0	4.97167e-06	0.488101	0	0.1627	0.00122225	0	0	0	0.625	0.03125	0	0.0125	0.000136719	0	
13	0.963147	0.0368531	0	0.0625	0.03125	0.578786	0.59362	0.59362	0.000220032	0.03125	0.481573	0.955635	0.955635	0.224734	0.271696	0.538933	0.00445945	0.0714155	0.427353	0	0.142451	0.137201	0	0	0	0.625	0.03125	0	0.0125	0.000234375	0	
13	0.0737062	0.926294	0	0.21875	0.109375	0.636098	0.668988	0.668988	0.000328706	0.109375	0.0105295	0.0368531	0.0368531	0.000277173	0.00655598	0.0234031	0	0.000107512	0.524599	0.174866	0	0.0128887	0	0	1	0.625	0.109375	0	0.0453125	0.00138916	0	
13	0.0368531	0.963147	0	0.0625	0.03125	0.642183	0.649328	0.649328	5.10447e-05	0.03125	0.0184265	0.0368531	0.0368531	0.000339537	0.0117016	0.0234031	0	0.000136927	0.349639	0	0.116546	0.00429509	0	0	0	0.625	0.03125	0	0.0109375	0.000197754	1	
14	0.945946	0.0540541	0	0.125	0.0625	0.605104	0.624703	0.624703	0.000282792	0.0625	0.236486	0.93487	0.93487	0.1626	0.143534	0.567729	0	0.0599875	0.55603	0	0.185343	0.175325	0	0	1	0.625	0.0625	0	0.025	0.000791016	0	
14	0.988924	0.0110757	0	0.09375	0.046875	0.626484	0.647469	0.647469	0.000270767	0.046875	0.329641	0.93487	0.93487	0.183638	0.200909	0.567729	0	0.0674826	0.487308	0	0.162436	0.160637	0	0	1	0.625	0.046875	0	0.0203125	0.000441895	0	
14	0.0540541	0.945946	0	0.03125	0.015625	0.62961	0.62961	0.62961	0	0.015625	0.0540541	0.0540541	0.0540541	0	0.034033	0.034033	0.034033	0	0.715324	0.238441	0	0.0128887	0	0	0	0.625	0.015625	0	0.0046875	5.12695e-05	1	
14	0.0540541	0.945946	0	0.03125	0.015625	0.62961	0.62961	0.62961	0	0.015625	0.0540541	0.0540541	0.0540541	0	0.034033	0.034033	0.034033	0	0.718992	0	0.239664	0.0129548	0	0	0	0.625	0.015625	0	0.0046875	5.12695e-05	1	
14	0.945946	0.0540541	0	0.0625	0.03125	0.578786	0.59362	0.59362	0.000220032	0.03125	0.472973	0.945946	0.945946	0.223703	0.266734	0.533469	0	0.0711473	0.427353	0	0.142451	0.134751	0	0	0	0.625	0.03125	0	0.0125	0.000234375	0	
15	0.963147	0.0368531	0	0.125	0.0625	0.605104	0.624703	0.624703	0.000282792	0.0625	0.240787	0.963147	0.963147	0.173935	0.146225	0.584901	0	0.0641455	0.55603	0	0.185343	0.178513	0	0	1	0.6875	0.0625	0	0.0255682	0.000722333	0	
15	0.0339111	0.966089	0	0.0625	0.03125	0.609852	0.626084	0.626084	0.000263487	0.03125	0.0169555	0.0339111	0.0339111	0.00028749	0.0100651	0.0201303	0	0.000101307	0.488101	0	0.1627	0.00551734	0	0	0	0.6875	0.03125	0	0.0113636	0.000137203	0	
15	0.963147	0.0368531	0	0.0625	0.03125	0.578786	0.59362	0.59362	0.000220032	0.03125	0.481573	0.929236	0.929236	0.200402	0.272088	0.524045	0.0201303	0.0634826	0.427353	0	0.142451	0.137201	0	0	0	0.6875	0.03125	0	0.0113636	0.000225981	1	
15	0.0737062	0.926294	0	0.1875	0.09375	0.636275	0.668988	0.668988	0.000383272	0.09375	0.0122844	0.0368531	0.0368531	0.000301811	0.00764253	0.0233664	0	0.000116881	0.524599	0.174866	0	0.0128887	0	0	1	0.6875	0.09375	0	0.0355114	0.00102499	0	
16	0.963147	0.0368531	0	0.125	0.0625	0.605104	0.624703	0.624703	0.000282792	0.0625	0.240787	0.963147	0.963147	0.173935	0.146225	0.584901	0	0.0641455	0.55603	0	0.185343	0.178513	0	0	1	0.6875	0.0625	0	0.0227273	0.000770758	0	
16	0.963147	0.0368531	0	0.09375	0.046875	0.626484	0.647469	0.647469	0.000270767	0.046875	0.321049	0.963147	0.963147	0.206145	0.194967	0.584901	0	0.0760243	0.487308	0	0.162436	0.15645	0	0	1	0.6875	0.046875	0	0.0184659	0.000435821	0	
16	0.0384378	0.961562	0	0.0625	0.03125	0.609852	0.626084	0.626084	0.000263487	0.03125	0.0192189	0.0384378	0.0384378	0.000369367	0.0114087	0.0228175	0	0.000130159	0.488101	0	0.1627	0.00625385	0	0	0	0.6875	0.03125	0	0.0127841	0.000125097	1	
16	0.0737062	0.926294	0	0.21875	0.109375	0.64486	0.696368	0.696368	0.000770708	0.109375	0.0105295	0.0368531	0.0368531	0.000277173	0.00655074	0.0233664	0	0.000107335	0.524599	0.174866	0	0.0128887	0	0	1	0.6875	0.109375	0	0.0426136	0.00146888	0	
17	0.969083	0.0309171	0	0.125	0.0625	0.605708	0.626084	0.626084	0.000219639	0.0625	0.242271	0.969083	0.969083	0.176085	0.141754	0.567014	0	0.0602822	0.557709	0	0.185903	0.180155	0	0	1	0.5	0.0625	0	0.0292969	0.000759125	1	
17	0.0309171	0.969083	0	0.09375	0.046875	0.620244	0.655446	0.655446	0.000620595	0.046875	0.0103057	0.0309171	0.0309171	0.000212415	0.00622328	0.0186699	0	7.74585e-05	0.403437	0.134479	0	0.0041577	0	0	0	0.5	0.046875	0	0.0253906	0.000423431	0	
17	0.238011	0.761989	0	0.125	0.0625	0.738644	0.832078	0.832078	0.00392623	0.0625	0.0595028	0.238011	0.238011	0.0106218	0.0390256	0.156102	0	0.004569	0.467606	0.155869	0	0.0370985	0	0	0	0.5	0.0625	0	0.0234375	0.000732422	0	
17	0.761989	0.238011	0	0.1875	0.09375	0.682858	0.832078	0.832078	0.00517516	0.09375	0.126998	0.761989	0.761989	0.0806426	0.0849602	0.509761	0	0.0360912	0.524599	0.174866	0	0.133246	0	0	1	0.5	0.09375	0	0.0429688	0.00126648	0	
18	0.983473	0.0165265	0	0.125	0.0625	0.603295	0.61747	0.61747	0.000221722	0.0625	0.245868	0.983473	0.983473	0.181354	0.149311	0.597245	0	0.0668816	0.55603	0	0.185343	0.18228	0	0	1	0.4375	0.0625	0	0.0290179	0.000866948	0	
18	0.983473	0.0165265	0	0.0625	0.03125	0.608765	0.610249	0.610249	2.20209e-06	0.03125	0.491737	0.983473	0.983473	0.241805	0.298623	0.597245	0	0.0891754	0.487308	0	0.162436	0.159752	0	0	1	0.4375	0.03125	0	0.0133929	0.000239158	0	
18	0.0165265	0.983473	0	0.09375	0.046875	0.620244	0.655446	0.655446	0.000620595	0.046875	0.00550885	0.0165265	0.0165265	6.06948e-05	0.00361075	0.0108322	0	2.6075e-05	0.403437	0.134479	0	0.00222247	0	0	0	0.4375	0.046875	0	0.0267857	0.000398597	0	
18	0.983473	0.0165265	0	0.125	0.0625	0.60149	0.610249	0.610249	0.000180323	0.0625	0.245868	0.983473	0.983473	0.181354	0.149311	0.597245	0	0.0668816	0.66944	0.223147	0	0.219459	0	0	1	0.4375	0.0625	0	0.0267857	0.000956633	1	
18	0.246265	0.753735	0	0.125	0.0625	0.738644	0.832078	0.832078	0.00392623	0.0625	0.0615662	0.246265	0.246265	0.0113712	0.0403789	0.161516	0	0.00489138	0.467606	0.155869	0	0.038385	0	0	0	0.4375	0.0625	0	0.0267857	0.000747369	0	
18	0.786788	0.213212	0	0.1875	0.09375	0.682858	0.832078	0.832078	0.00517516	0.09375	0.131131	0.753735	0.753735	0.0775817	0.0875261	0.50424	0	0.0347519	0.524599	0.174866	0	0.137583	0	0	1	0.4375	0.09375	0	0.0491071	0.00114597	0	
19	0.963147	0.0368531	0	0.21875	0.109375	0.629465	0.685093	0.685093	0.00107588	0.109375	0.137592	0.963147	0.963147	0.11359	0.0835573	0.584901	0	0.0418909	0.55603	0	0.185343	0.178513	0	0	1	0.8125	0.109375	0	0.0336538	0.00202247	1	
19	0.966779	0.0332212	0	0.15625	0.078125	0.625723	0.647469	0.647469	0.00033045	0.078125	0.193356	0.963147	0.963147	0.148147	0.117419	0.584901	0	0.0546356	0.487308	0	0.162436	0.15704	0	0	1	0.8125	0.078125	0	0.0252404	0.00103435	0	
19	0.0737062	0.926294	0	0.28125	0.140625	0.655691	0.717008	0.717008	0.0011318	0.140625	0.00818957	0.0368531	0.0368531	0.000234742	0.00524304	0.0246986	0	9.64843e-05	0.524599	0.174866	0	0.0128887	0	0	1	0.8125	0.140625	0	0.046875	0.00217849	0	
19	0.0368531	0.963147	0	0.03125	0.015625	0.67019	0.67019	0.67019	0	0.015625	0.0368531	0.0368531	0.0368531	0	0.0246986	0.0246986	0.0246986	0	0.461066	0	0.153689	0.00566391	0	0	0	0.8125	0.015625	0	0.00480769	5.20063e-05	0	
20	0.964616	0.0353837	0	0.0625	0.03125	0.608765	0.610249	0.610249	2.20209e-06	0.03125	0.482308	0.964616	0.964616	0.232621	0.292897	0.585793	0	0.0857885	0.487308	0	0.162436	0.156688	0	0	1	0.5625	0.03125	0	0.015625	0.000217014	1	
20	1	1.11022e-16	0	0.125	0.0625	0.723992	0.832078	0.832078	0.00489403	0.0625	0.25	0.98084	0.98084	0.178104	0.167184	0.65617	0	0.0797288	0.387755	0.129252	0	0.129252	0	0	1	0.5625	0.0625	0	0.015625	0.000651042	0	
20	0.0191597	0.98084	0	0.125	0.0625	0.738644	0.832078	0.832078	0.00392623	0.0625	0.00478994	0.0191597	0.0191597	6.88305e-05	0.00314154	0.0125661	0	2.96078e-05	0.467606	0.155869	0	0.0029864	0	0	0	0.5625	0.0625	0	0.015625	0.000651042	0	
20	0.98084	0.0191597	0	0.1875	0.09375	0.682858	0.832078	0.832078	0.00517516	0.09375	0.163473	0.98084	0.98084	0.133618	0.109362	0.65617	0	0.0597999	0.524599	0.174866	0	0.171516	0	0	1	0.5625	0.09375	0	0.0364583	0.00135634	0	
20	1	1.11022e-16	0	0.09375	0.046875	0.673739	0.696368	0.696368	0.000284753	0.046875	0.333333	0.98084	0.98084	0.209694	0.222912	0.65617	0	0.0938826	0.480337	0.160112	0	0.160112	0	0	1	0.5625	0.046875	0	0.0138889	0.000349633	0	
20	1	1.11022e-16	0	0.09375	0.046875	0.684149	0.727598	0.727598	0.000972612	0.046875	0.333333	0.98084	0.98084	0.209694	0.222912	0.65617	0	0.0938826	0.347566	0.115855	0	0.115855	0	0	1	0.5625	0.046875	0	0.0104167	0.000379774	0	
21	0.959597	0.0404029	0	0.15625	0.078125	0.625723	0.647469	0.647469	0.00033045	0.078125	0.191919	0.894216	0.894216	0.123946	0.117043	0.54304	0	0.0456353	0.487308	0	0.162436	0.155873	0	0	1	0.75	0.078125	0	0.03125	0.00101725	1	
21	0.0653814	0.934619	0	0.09375	0.046875	0.674889	0.694551	0.694551	0.000460939	0.046875	0.0217938	0.0653814	0.0653814	0.00094994	0.0140575	0.0421724	0	0.000395225	0.591394	0.197131	0	0.0128887	0	0	1	0.75	0.046875	0	0.0169271	0.000384861	1	
22	0.959597	0.0404029	0	0.125	0.0625	0.620899	0.647469	0.647469	0.000296682	0.0625	0.239899	0.959597	0.959597	0.172655	0.145686	0.582745	0	0.0636735	0.487308	0	0.162436	0.155873	0	0	1	0.8125	0.0625	0	0.0240385	0.000661636	1	
22	0.0737062	0.926294	0	0.28125	0.140625	0.655691	0.717008	0.717008	0.0011318	0.140625	0.00818957	0.0368531	0.0368531	0.000234742	0.00509502	0.0233664	0	9.09001e-05	0.524599	0.174866	0	0.0128887	0	0	1	0.8125	0.140625	0	0.0456731	0.00227094	0	
23	0.0191597	0.98084	0	0.125	0.0625	0.738644	0.832078	0.832078	0.00392623	0.0625	0.00478994	0.0191597	0.0191597	6.88305e-05	0.00314154	0.0125661	0	2.96078e-05	0.467606	0.155869	0	0.0029864	0	0	0	0.5	0.0625	0	0.015625	0.000732422	0	
23	0.98084	0.0191597	0	0.1875	0.09375	0.682858	0.832078	0.832078	0.00517516	0.09375	0.163473	0.98084	0.98084	0.133618	0.109362	0.65617	0	0.0597999	0.524599	0.174866	0	0.171516	0	0	1	0.5	0.09375	0	0.0332031	0.00143051	1	
24	0.968491	0.0315093	0	0.15625	0.078125	0.606473	0.619181	0.619181	0.000217756	0.078125	0.193698	0.968491	0.968491	0.150076	0.117629	0.588146	0	0.0553466	0.55603	0	0.185343	0.179503	0	0	1	0.5625	0.078125	0	0.0260417	0.000813802	0	
24	0.000649454	0.999351	0	0.1875	0.09375	0.70476	0.832078	0.832078	0.00542008	0.09375	0.000108242	0.000649454	0.000649454	5.8582e-08	6.4574e-05	0.000387444	0	2.0849e-08	0.414909	0.138303	0	8.98214e-05	0	0	0	0.5625	0.09375	0	0.0225694	0.00147087	0	
24	0.998701	0.00129891	0	0.125	0.0625	0.723992	0.832078	0.832078	0.00489403	0.0625	0.249675	0.998701	0.998701	0.187013	0.16703	0.668119	0	0.0836968	0.387755	0.129252	0	0.129084	0	0	1	0.5625	0.0625	0	0.0173611	0.000675154	0	
24	0.000649454	0.999351	0	0.125	0.0625	0.66436	0.727598	0.727598	0.00215176	0.0625	0.000162363	0.000649454	0.000649454	7.90857e-08	9.68609e-05	0.000387444	0	2.81461e-08	0.335025	0.111675	0	7.25278e-05	0	0	0	0.5625	0.0625	0	0.0138889	0.000675154	0	
24	0.000649454	0.999351	0	0.09375	0.046875	0.643281	0.667629	0.667629	0.00109168	0.046875	0.000216485	0.000649454	0.000649454	9.37312e-08	0.000129148	0.000387444	0	3.33584e-08	0.427083	0	0.142361	9.24568e-05	0	0	0	0.5625	0.046875	0	0.0104167	0.000379774	0	
24	0.998701	0.00129891	0	0.09375	0.046875	0.673739	0.696368	0.696368	0.000284753	0.046875	0.3329	0.998701	0.998701	0.221645	0.222706	0.668119	0	0.0991962	0.480337	0.160112	0	0.159904	0	0	1	0.5625	0.046875	0	0.015625	0.000379774	0	
24	0.998701	0.00129891	0	0.09375	0.046875	0.684149	0.727598	0.727598	0.000972612	0.046875	0.3329	0.998701	0.998701	0.221645	0.222706	0.668119	0	0.0991962	0.347566	0.115855	0	0.115705	0	0	1	0.5625	0.046875	0	0.0121528	0.000367718	1	
