QID	cand_solfracs	cand_slack	dual_coil	coil_cons_degree	coil_obj_count	coil_obj_mean	coil_obj_max	coil_obj_min	coil_obj_variance	coil_y_count	coil_y_mean	coil_y_max	coil_y_min	coil_y_variance	coil_product_mean	coil_product_max	coil_product_min	coil_product_variance	coil_weight	coil_weight_C512	coil_weight_C008	coil_weight_RH	coil_num_SR	coil_constraint_bc	coil_in_up	coil_cons_bind_count	coil_cons_bind_max	coil_cons_bind_min	coil_cons_bind_mean	coil_cons_bind_variance	coil_label	
0	0.958614	0.0413858	0	0.15625	0.078125	0.617209	0.684538	0.684538	0.00169701	0.078125	0.191723	0.68725	0.68725	0.0724325	0.119609	0.442686	0	0.0297151	0.596778	0	0.198926	0.190693	0	0	1	0.4375	0.078125	0	0.0379464	0.00131537	0	
0	0.958614	0.0413858	0	0.09375	0.046875	0.603049	0.644141	0.644141	0.000910973	0.046875	0.319538	0.68725	0.68725	0.079879	0.199348	0.442686	0	0.0336294	0.532933	0.177644	0	0.170292	0	0	1	0.4375	0.046875	0	0.0200893	0.000538106	0	
0	0.68725	0.31275	0	0.125	0.0625	0.717884	0.770432	0.770432	0.00272845	0.0625	0.171812	0.68725	0.68725	0.0885585	0.110671	0.442686	0	0.0367445	0.48811	0	0.162703	0.111818	0	0	1	0.4375	0.0625	0	0.0334821	0.000727439	1	
0	0.0413858	0.958614	0	0.15625	0.078125	0.663423	0.699867	0.699867	0.00187162	0.078125	0.00827715	0.0413858	0.0413858	0.000274045	0.00482581	0.0241291	0	9.31538e-05	0.438743	0.146248	0	0.00605257	0	0	0	0.4375	0.078125	0	0.0245536	0.00117586	0	
0	0.0413858	0.958614	0	0.0625	0.03125	0.638005	0.692982	0.692982	0.00302247	0.03125	0.0206929	0.0413858	0.0413858	0.000428195	0.0120645	0.0241291	0	0.000145553	0.554184	0.184728	0	0.00764511	0	0	0	0.4375	0.03125	0	0.00892857	0.000199298	0	
0	0.0413858	0.958614	0	0.0625	0.03125	0.619841	0.656655	0.656655	0.00135524	0.03125	0.0206929	0.0413858	0.0413858	0.000428195	0.0120645	0.0241291	0	0.000145553	0.426475	0.142158	0	0.00588334	0	0	0	0.4375	0.03125	0	0.00892857	0.000199298	0	
1	0.782112	0.217888	0	0.09375	0.046875	0.612812	0.629804	0.629804	0.000203112	0.046875	0.260704	0.538086	0.538086	0.0483952	0.158468	0.330226	0	0.0182632	0.50441	0.168137	0	0.131502	0	0	1	0.4375	0.046875	0	0.0200893	0.000538106	0	
1	0.782112	0.217888	0	0.15625	0.078125	0.656451	0.810814	0.810814	0.00614002	0.078125	0.156422	0.538086	0.538086	0.0453491	0.0950809	0.330226	0	0.0169849	0.419174	0	0.139725	0.10928	0	0	1	0.4375	0.078125	0	0.03125	0.00132533	1	
1	0.782112	0.217888	0	0.15625	0.078125	0.656451	0.810814	0.810814	0.00614002	0.078125	0.156422	0.538086	0.538086	0.0453491	0.0950809	0.330226	0	0.0169849	0.394797	0	0.131599	0.102925	0	0	1	0.4375	0.078125	0	0.03125	0.00132533	1	
1	0.538086	0.461914	0	0.09375	0.046875	0.670158	0.763765	0.763765	0.00444321	0.046875	0.179362	0.538086	0.538086	0.0643415	0.110075	0.330226	0	0.0242332	0.352184	0.117395	0	0.0631685	0	0	0	0.4375	0.046875	0	0.0223214	0.000478316	0	
1	0.217888	0.782112	0	0.15625	0.078125	0.663423	0.699867	0.699867	0.00187162	0.078125	0.0435776	0.217888	0.217888	0.00759604	0.025407	0.127035	0	0.00258206	0.438743	0.146248	0	0.0318656	0	0	0	0.4375	0.078125	0	0.0245536	0.00117586	1	
1	0.217888	0.782112	0	0.0625	0.03125	0.638005	0.692982	0.692982	0.00302247	0.03125	0.108944	0.217888	0.217888	0.0118688	0.0635174	0.127035	0	0.00403446	0.554184	0.184728	0	0.04025	0	0	0	0.4375	0.03125	0	0.00892857	0.000199298	1	
1	0.217888	0.782112	0	0.0625	0.03125	0.619841	0.656655	0.656655	0.00135524	0.03125	0.108944	0.217888	0.217888	0.0118688	0.0635174	0.127035	0	0.00403446	0.426475	0.142158	0	0.0309746	0	0	0	0.4375	0.03125	0	0.00892857	0.000199298	1	
2	0.481087	0.518913	0	0.09375	0.046875	0.698576	0.757065	0.757065	0.00186467	0.046875	0.160362	0.481087	0.481087	0.0514321	0.104897	0.31469	0	0.0220067	0.683337	0	0.227779	0.109582	1	0	0	0.5625	0.046875	0	0.0173611	0.000403887	1	
2	0.0258469	0.974153	0	0.15625	0.078125	0.663423	0.699867	0.699867	0.00187162	0.078125	0.00516939	0.0258469	0.0258469	0.00010689	0.0030139	0.0150695	0	3.63343e-05	0.438743	0.146248	0	0.00378006	0	0	0	0.5625	0.078125	0	0.0190972	0.00101876	0	
2	0.974153	0.0258469	0	0.09375	0.046875	0.595706	0.654124	0.654124	0.00171702	0.046875	0.324718	0.493066	0.493066	0.0527447	0.197346	0.31469	0	0.0197052	0.695991	0	0.231997	0.226001	1	0	1	0.5625	0.046875	0	0.0173611	0.000403887	0	
2	0.0258469	0.974153	0	0.0625	0.03125	0.638005	0.692982	0.692982	0.00302247	0.03125	0.0129235	0.0258469	0.0258469	0.000167016	0.00753474	0.0150695	0	5.67723e-05	0.554184	0.184728	0	0.00477465	0	0	0	0.5625	0.03125	0	0.00694444	0.000168789	0	
2	0.0258469	0.974153	0	0.0625	0.03125	0.619841	0.656655	0.656655	0.00135524	0.03125	0.0129235	0.0258469	0.0258469	0.000167016	0.00753474	0.0150695	0	5.67723e-05	0.426475	0.142158	0	0.00367436	0	0	0	0.5625	0.03125	0	0.00694444	0.000168789	0	
3	0.445446	0.554554	0	0.09375	0.046875	0.670158	0.763765	0.763765	0.00444321	0.046875	0.148482	0.445446	0.445446	0.0440938	0.0911242	0.273373	0	0.0166072	0.352184	0.117395	0	0.052293	0	0	0	0.375	0.046875	0	0.03125	0.000325521	0	
3	0.745177	0.254823	0	0.21875	0.109375	0.661512	0.770432	0.770432	0.00648537	0.109375	0.106454	0.745177	0.745177	0.0679945	0.0598799	0.419159	0	0.0215136	0.508997	0.169666	0	0.126431	1	0	1	0.375	0.109375	0	0.0598958	0.00255669	0	
3	0.254823	0.745177	0	0.15625	0.078125	0.663423	0.699867	0.699867	0.00187162	0.078125	0.0509646	0.254823	0.254823	0.0103896	0.0297138	0.148569	0	0.00353164	0.438743	0.146248	0	0.0372673	0	0	0	0.375	0.078125	0	0.0286458	0.00125461	1	
3	0.745177	0.254823	0	0.125	0.0625	0.620078	0.693197	0.693197	0.00306986	0.0625	0.186294	0.745177	0.745177	0.104117	0.10479	0.419159	0	0.0329427	0.695991	0	0.231997	0.172879	1	0	1	0.375	0.0625	0	0.03125	0.000732422	1	
3	0.254823	0.745177	0	0.0625	0.03125	0.638005	0.692982	0.692982	0.00302247	0.03125	0.127412	0.254823	0.254823	0.0162337	0.0742845	0.148569	0	0.00551819	0.554184	0.184728	0	0.047073	0	0	0	0.375	0.03125	0	0.0104167	0.000217014	1	
3	0.254823	0.745177	0	0.0625	0.03125	0.619841	0.656655	0.656655	0.00135524	0.03125	0.127412	0.254823	0.254823	0.0162337	0.0742845	0.148569	0	0.00551819	0.426475	0.142158	0	0.0362253	0	0	0	0.375	0.03125	0	0.0104167	0.000217014	1	
4	0.55077	0.44923	0	0.1875	0.09375	0.651948	0.810814	0.810814	0.00521807	0.09375	0.091795	0.462251	0.462251	0.0284923	0.0548885	0.275006	0	0.0100839	0.394797	0	0.131599	0.0724808	0	0	1	0.375	0.09375	0	0.0572917	0.00168186	1	
4	0.44923	0.55077	0	0.1875	0.09375	0.62177	0.633004	0.633004	0.000173084	0.09375	0.0748717	0.44923	0.44923	0.0280288	0.0467181	0.280309	0	0.0109129	0.44406	0.14802	0	0.0664949	0	0	1	0.375	0.09375	0	0.0546875	0.00160726	0	
4	0.537749	0.462251	0	0.15625	0.078125	0.645648	0.763765	0.763765	0.00365815	0.078125	0.10755	0.44923	0.44923	0.0303617	0.0669266	0.280309	0	0.0118256	0.352184	0.117395	0	0.0631288	0	0	0	0.375	0.078125	0	0.046875	0.000895182	0	
5	0.972461	0.0275392	0	0.15625	0.078125	0.617209	0.684538	0.684538	0.00169701	0.078125	0.194492	0.972461	0.972461	0.151309	0.12528	0.626402	0	0.0627808	0.596778	0	0.198926	0.193448	0	0	1	0.6875	0.078125	0	0.0255682	0.00112184	0	
5	0.0826177	0.917382	0	0.21875	0.109375	0.623345	0.633004	0.633004	0.000163233	0.109375	0.0118025	0.0275392	0.0275392	0.000185733	0.00730419	0.0174324	0	7.12376e-05	0.44406	0.14802	0	0.0122291	0	0	1	0.6875	0.109375	0	0.0539773	0.00192488	0	
5	0.972461	0.0275392	0	0.125	0.0625	0.620078	0.693197	0.693197	0.00306986	0.0625	0.243115	0.972461	0.972461	0.177315	0.136751	0.547006	0	0.0561029	0.695991	0	0.231997	0.225608	1	0	1	0.6875	0.0625	0	0.0213068	0.000677944	0	
5	0.756649	0.243351	0	0.0625	0.03125	0.562444	0.564478	0.564478	4.1376e-06	0.03125	0.378325	0.756649	0.756649	0.14313	0.213556	0.427112	0	0.0456061	0.582504	0	0.194168	0.146917	0	0	1	0.6875	0.03125	0	0.0127841	0.000213875	1	
6	0.958691	0.0413089	0	0.15625	0.078125	0.617209	0.684538	0.684538	0.00169701	0.078125	0.191738	0.958691	0.958691	0.147054	0.123507	0.617533	0	0.0610154	0.596778	0	0.198926	0.190709	0	0	1	0.6875	0.078125	0	0.0184659	0.000879713	0	
6	0.0826177	0.917382	0	0.21875	0.109375	0.623345	0.633004	0.633004	0.000163233	0.109375	0.0118025	0.0413089	0.0413089	0.00034825	0.00723964	0.0261487	0	0.000131218	0.44406	0.14802	0	0.0122291	0	0	1	0.6875	0.109375	0	0.0454545	0.0019733	0	
6	0.958691	0.0413089	0	0.125	0.0625	0.620078	0.693197	0.693197	0.00306986	0.0625	0.239673	0.958691	0.958691	0.172329	0.134815	0.53926	0	0.0545253	0.695991	0	0.231997	0.222414	1	0	1	0.6875	0.0625	0	0.015625	0.00053267	1	
7	1	2.22045e-16	-0.0273082	0.25	0.125	0.617381	0.632792	0.632792	0.000208147	0.125	0.125	0.911477	0.911477	0.0885502	0.0768809	0.559378	0	0.0333315	0.50441	0.168137	0	0.168137	0	0	1	0.6875	0.125	0	0.0539773	0.00281266	0	
7	0.970492	0.0295078	0	0.15625	0.078125	0.617209	0.684538	0.684538	0.00169701	0.078125	0.194098	0.970492	0.970492	0.150697	0.125027	0.625134	0	0.0625268	0.596778	0	0.198926	0.193056	0	0	1	0.6875	0.078125	0	0.0184659	0.000879713	1	
7	0.970492	0.0295078	0	0.125	0.0625	0.622431	0.680578	0.680578	0.00181026	0.0625	0.242623	0.970492	0.970492	0.176598	0.156284	0.625134	0	0.0732736	0.532933	0.177644	0	0.172402	0	0	1	0.6875	0.0625	0	0.015625	0.00057706	0	
7	0.118031	0.881969	0	0.21875	0.109375	0.623345	0.633004	0.633004	0.000163233	0.109375	0.0168616	0.0295078	0.0295078	0.000213235	0.010621	0.0186786	0	8.46112e-05	0.44406	0.14802	0	0.017471	0	0	1	0.6875	0.109375	0	0.0454545	0.0019733	0	
8	0.399315	0.600685	0	0.21875	0.109375	0.623345	0.633004	0.633004	0.000163233	0.109375	0.057045	0.399315	0.399315	0.0195248	0.0359271	0.25149	0	0.00774455	0.44406	0.14802	0	0.0591065	0	0	1	0.5	0.109375	0	0.0292969	0.00161362	1	
8	0.600685	0.399315	0	0.1875	0.09375	0.643506	0.763765	0.763765	0.00307142	0.09375	0.100114	0.600685	0.600685	0.0501142	0.0614406	0.368644	0	0.0188748	0.352184	0.117395	0	0.0705173	0	0	0	0.5	0.09375	0	0.0253906	0.00103378	0	
9	0.901286	0.0987136	0	0.15625	0.078125	0.603956	0.692982	0.692982	0.00229427	0.078125	0.180257	0.901286	0.901286	0.129971	0.101751	0.508756	0	0.0414132	0.559074	0.186358	0	0.167962	0	0	1	0.5	0.078125	0	0.0117188	0.000656128	1	
10	0.0204535	0.979547	0	0.09375	0.046875	0.704412	0.747499	0.747499	0.00160373	0.046875	0.00681783	0.0204535	0.0204535	9.29657e-05	0.00509632	0.015289	0	5.19449e-05	0.384905	0.128302	0	0.00262422	0	0	0	0.5625	0.046875	0	0.00520833	0.000217014	0	
10	0.0204535	0.979547	0	0.09375	0.046875	0.730681	0.747499	0.747499	0.000179648	0.046875	0.00681783	0.0204535	0.0204535	9.29657e-05	0.00509632	0.015289	0	5.19449e-05	0.428124	0.142708	0	0.00291888	0	0	0	0.5625	0.046875	0	0.00520833	0.000217014	1	
10	0.0204535	0.979547	0	0.09375	0.046875	0.697172	0.747499	0.747499	0.00155959	0.046875	0.00681783	0.0204535	0.0204535	9.29657e-05	0.00509632	0.015289	0	5.19449e-05	0.554184	0.184728	0	0.00377833	0	0	0	0.5625	0.046875	0	0.00520833	0.000217014	0	
10	0.0204535	0.979547	0	0.03125	0.015625	0.747499	0.747499	0.747499	0	0.015625	0.0204535	0.0204535	0.0204535	0	0.015289	0.015289	0.015289	0	0.426475	0.142158	0	0.00290764	0	0	0	0.5625	0.015625	0	0.00173611	2.41127e-05	0	
11	0.896444	0.103556	0	0.15625	0.078125	0.619807	0.680578	0.680578	0.00147576	0.078125	0.179289	0.896444	0.896444	0.128578	0.115487	0.577437	0	0.0533494	0.532933	0.177644	0	0.159248	0	0	1	0.6875	0.078125	0	0.015625	0.000754616	1	
12	0.890589	0.109411	0	0.25	0.125	0.617381	0.632792	0.632792	0.000208147	0.125	0.111324	0.890589	0.890589	0.0867506	0.070112	0.560896	0	0.0344098	0.50441	0.168137	0	0.149741	0	0	1	0.6875	0.125	0	0.0340909	0.002167	1	
