QID	cand_solfracs	cand_slack	dual_coil	coil_cons_degree	coil_obj_count	coil_obj_mean	coil_obj_max	coil_obj_min	coil_obj_variance	coil_y_count	coil_y_mean	coil_y_max	coil_y_min	coil_y_variance	coil_product_mean	coil_product_max	coil_product_min	coil_product_variance	coil_weight	coil_weight_C512	coil_weight_C008	coil_weight_RH	coil_num_SR	coil_constraint_bc	coil_in_up	coil_cons_bind_count	coil_cons_bind_max	coil_cons_bind_min	coil_cons_bind_mean	coil_cons_bind_variance	coil_label	
0	0.378787	0.621213	0	0.1875	0.09375	0.627488	0.649093	0.649093	0.000219752	0.09375	0.0631312	0.378787	0.378787	0.0199277	0.0390152	0.234091	0	0.00761094	0.45531	0.15177	0	0.0574885	0	0	1	0.5625	0.09375	0	0.0295139	0.0014347	0	
0	0.621213	0.378787	0	0.0625	0.03125	0.63144	0.662338	0.662338	0.000954657	0.03125	0.310606	0.621213	0.621213	0.0964764	0.186533	0.373065	0	0.0347944	0.261036	0	0.0870121	0.0540531	0	0	1	0.5625	0.03125	0	0.0104167	0.000217014	1	
0	0.378787	0.621213	0	0.1875	0.09375	0.652232	0.768389	0.768389	0.00290676	0.09375	0.0631312	0.378787	0.378787	0.0199277	0.0390152	0.234091	0	0.00761094	0.481139	0.16038	0	0.0607498	0	0	0	0.5625	0.09375	0	0.03125	0.00146484	0	
0	0.279325	0.720675	0	0.125	0.0625	0.652983	0.768389	0.768389	0.00491367	0.0625	0.0698314	0.279325	0.279325	0.0146293	0.0412036	0.164814	0	0.00509322	0.362875	0	0.120958	0.0337868	0	0	0	0.5625	0.0625	0	0.0243056	0.00081983	0	
0	0.621213	0.378787	0	0.0625	0.03125	0.63144	0.662338	0.662338	0.000954657	0.03125	0.310606	0.621213	0.621213	0.0964764	0.186533	0.373065	0	0.0347944	0.402483	0.134161	0	0.0833426	0	0	1	0.5625	0.03125	0	0.0104167	0.000217014	1	
0	0.621213	0.378787	0	0.09375	0.046875	0.670344	0.748151	0.748151	0.00366341	0.046875	0.207071	0.621213	0.621213	0.0857568	0.124355	0.373065	0	0.0309283	0.323993	0	0.107998	0.0670896	0	0	1	0.5625	0.046875	0	0.015625	0.000488281	1	
0	0.378787	0.621213	0	0.09375	0.046875	0.671749	0.748151	0.748151	0.00307975	0.046875	0.126262	0.378787	0.378787	0.0318844	0.0780305	0.234091	0	0.0121775	0.499625	0.166542	0	0.0630838	0	0	0	0.5625	0.046875	0	0.0138889	0.000403887	1	
0	0.621213	0.378787	0	0.09375	0.046875	0.670344	0.748151	0.748151	0.00366341	0.046875	0.207071	0.621213	0.621213	0.0857568	0.124355	0.373065	0	0.0309283	0.412423	0	0.137474	0.0854009	0	0	1	0.5625	0.046875	0	0.015625	0.000488281	0	
1	0.111913	0.888087	0	0.15625	0.078125	0.601876	0.702424	0.702424	0.00253973	0.078125	0.0223826	0.0373044	0.0373044	0.000333988	0.0129576	0.0216326	0	0.000111934	0.640407	0	0.213469	0.02389	1	0	0	0.6875	0.078125	0	0.0454545	0.000907961	0	
1	0.824767	0.175233	0	0.0625	0.03125	0.63144	0.662338	0.662338	0.000954657	0.03125	0.412384	0.824767	0.824767	0.17006	0.247654	0.495308	0	0.0613325	0.261036	0	0.0870121	0.0717647	0	0	1	0.6875	0.03125	0	0.00852273	0.000193698	0	
1	0.824767	0.175233	0	0.0625	0.03125	0.63144	0.662338	0.662338	0.000954657	0.03125	0.412384	0.824767	0.824767	0.17006	0.247654	0.495308	0	0.0613325	0.402483	0.134161	0	0.110652	0	0	1	0.6875	0.03125	0	0.00852273	0.000193698	0	
1	0.100624	0.899376	0	0.1875	0.09375	0.634558	0.768389	0.768389	0.00428925	0.09375	0.0167707	0.100624	0.100624	0.00140628	0.00938464	0.0563079	0	0.000440358	0.534994	0.178331	0	0.0179444	0	0	1	0.6875	0.09375	0	0.0198864	0.00129132	1	
1	0.824767	0.175233	0	0.09375	0.046875	0.670344	0.748151	0.748151	0.00366341	0.046875	0.274922	0.824767	0.824767	0.151165	0.165103	0.495308	0	0.0545178	0.323993	0	0.107998	0.0890729	0	0	1	0.6875	0.046875	0	0.0142045	0.00041968	0	
1	0.100624	0.899376	0	0.09375	0.046875	0.589851	0.619922	0.619922	0.000606743	0.046875	0.0335414	0.100624	0.100624	0.00225005	0.0187693	0.0563079	0	0.000704572	0.548018	0.182673	0	0.0183813	0	0	1	0.6875	0.046875	0	0.00994318	0.000322831	1	
1	0.824767	0.175233	0	0.09375	0.046875	0.670344	0.748151	0.748151	0.00366341	0.046875	0.274922	0.824767	0.824767	0.151165	0.165103	0.495308	0	0.0545178	0.412423	0	0.137474	0.113384	0	0	1	0.6875	0.046875	0	0.0142045	0.00041968	0	
2	0.347121	0.652879	0	0.09375	0.046875	0.645279	0.666068	0.666068	0.000219416	0.046875	0.115707	0.347121	0.347121	0.0267763	0.0737191	0.221157	0	0.010869	0.455067	0.151689	0	0.0526545	0	0	0	0.5	0.046875	0	0.015625	0.000366211	0	
2	0.347121	0.652879	0	0.09375	0.046875	0.645279	0.666068	0.666068	0.000219416	0.046875	0.115707	0.347121	0.347121	0.0267763	0.0737191	0.221157	0	0.010869	0.487286	0.162429	0	0.0563825	0	0	0	0.5	0.046875	0	0.015625	0.000366211	0	
2	0.347121	0.652879	0	0.03125	0.015625	0.637118	0.637118	0.637118	0	0.015625	0.347121	0.347121	0.347121	0	0.221157	0.221157	0.221157	0	0.588009	0.196003	0	0.0680369	0	0	0	0.5	0.015625	0	0.00390625	4.57764e-05	0	
2	0.652879	0.347121	0	0.0625	0.03125	0.63144	0.662338	0.662338	0.000954657	0.03125	0.326439	0.652879	0.652879	0.106563	0.196041	0.392082	0	0.038432	0.261036	0	0.0870121	0.0568084	0	0	1	0.5	0.03125	0	0.0117188	0.000228882	1	
2	0.192285	0.807715	0	0.09375	0.046875	0.654279	0.768389	0.768389	0.00654484	0.046875	0.0640949	0.192285	0.192285	0.00821632	0.0378189	0.113457	0	0.00286053	0.362875	0	0.120958	0.0232585	0	0	0	0.5	0.046875	0	0.0214844	0.000484467	0	
2	0.652879	0.347121	0	0.0625	0.03125	0.63144	0.662338	0.662338	0.000954657	0.03125	0.326439	0.652879	0.652879	0.106563	0.196041	0.392082	0	0.038432	0.402483	0.134161	0	0.0875909	0	0	1	0.5	0.03125	0	0.0117188	0.000228882	1	
2	0.652879	0.347121	0	0.0625	0.03125	0.63144	0.662338	0.662338	0.000954657	0.03125	0.326439	0.652879	0.652879	0.106563	0.196041	0.392082	0	0.038432	0.323993	0	0.107998	0.0705094	0	0	1	0.5	0.03125	0	0.0117188	0.000228882	1	
2	0.652879	0.347121	0	0.0625	0.03125	0.63144	0.662338	0.662338	0.000954657	0.03125	0.326439	0.652879	0.652879	0.106563	0.196041	0.392082	0	0.038432	0.412423	0	0.137474	0.0897541	0	0	1	0.5	0.03125	0	0.0117188	0.000228882	0	
3	0.0504674	0.949533	0	0.09375	0.046875	0.645279	0.666068	0.666068	0.000219416	0.046875	0.0168225	0.0504674	0.0504674	0.00056599	0.0107179	0.0321537	0	0.000229746	0.455067	0.151689	0	0.00765534	0	0	0	0.375	0.046875	0	0.0208333	0.000379774	1	
3	0.0504674	0.949533	0	0.09375	0.046875	0.645279	0.666068	0.666068	0.000219416	0.046875	0.0168225	0.0504674	0.0504674	0.00056599	0.0107179	0.0321537	0	0.000229746	0.487286	0.162429	0	0.00819735	0	0	0	0.375	0.046875	0	0.0208333	0.000379774	1	
3	0.949533	0.0504674	0	0.1875	0.09375	0.604014	0.702424	0.702424	0.00237978	0.09375	0.158255	0.949533	0.949533	0.125224	0.0894607	0.536764	0	0.0400161	0.545712	0	0.181904	0.172724	0	0	1	0.375	0.09375	0	0.0364583	0.00176324	0	
3	0.0504674	0.949533	0	0.03125	0.015625	0.637118	0.637118	0.637118	0	0.015625	0.0504674	0.0504674	0.0504674	0	0.0321537	0.0321537	0.0321537	0	0.588009	0.196003	0	0.00989176	0	0	0	0.375	0.015625	0	0.00520833	5.42535e-05	1	
3	0.949533	0.0504674	0	0.1875	0.09375	0.588455	0.629554	0.629554	0.000692363	0.09375	0.158255	0.949533	0.949533	0.125224	0.0894607	0.536764	0	0.0400161	0.594933	0	0.198311	0.188303	1	0	1	0.375	0.09375	0	0.0338542	0.00182427	0	
3	0.949533	0.0504674	0	0.21875	0.109375	0.593933	0.629554	0.629554	0.000809002	0.109375	0.135648	0.949533	0.949533	0.110401	0.0766806	0.536764	0	0.0352795	0.467061	0	0.155687	0.14783	1	0	1	0.375	0.109375	0	0.0416667	0.00241428	0	
3	0.0727189	0.927281	0	0.09375	0.046875	0.62036	0.636753	0.636753	0.000174499	0.046875	0.0242396	0.0727189	0.0727189	0.00117512	0.0150267	0.04508	0	0.000451602	0.45531	0.15177	0	0.0110366	0	0	1	0.375	0.046875	0	0.0234375	0.000386556	0	
4	0.109513	0.890487	0	0.125	0.0625	0.640444	0.666068	0.666068	0.000234694	0.0625	0.0273783	0.109513	0.109513	0.00224871	0.0171371	0.0685486	0	0.000881045	0.487286	0.162429	0	0.0177881	0	0	0	0.75	0.0625	0	0.0143229	0.000547621	1	
4	0.109513	0.890487	0	0.0625	0.03125	0.646004	0.666068	0.666068	0.000402584	0.03125	0.0547565	0.109513	0.109513	0.00299828	0.0342743	0.0685486	0	0.00117473	0.416175	0	0.138725	0.0151922	0	0	0	0.75	0.03125	0	0.0078125	0.000183105	0	
4	0.109513	0.890487	0	0.0625	0.03125	0.631529	0.637118	0.637118	3.12403e-05	0.03125	0.0547565	0.109513	0.109513	0.00299828	0.0342743	0.0685486	0	0.00117473	0.588009	0.196003	0	0.0214649	0	0	0	0.75	0.03125	0	0.00651042	0.00014072	0	
4	0.669161	0.330839	0	0.09375	0.046875	0.622308	0.629554	0.629554	0.000101418	0.046875	0.223054	0.669161	0.669161	0.0995057	0.135631	0.406894	0	0.0367918	0.70084	0.233613	0	0.156325	0	0	0	0.75	0.046875	0	0.0182292	0.000318739	0	
4	0.669161	0.330839	0	0.21875	0.109375	0.593933	0.629554	0.629554	0.000809002	0.109375	0.0955944	0.669161	0.669161	0.0548297	0.0540388	0.378272	0	0.0175212	0.467061	0	0.155687	0.10418	0	0	1	0.75	0.109375	0	0.0507812	0.00151062	0	
4	0.221326	0.778674	0	0.09375	0.046875	0.62036	0.636753	0.636753	0.000174499	0.046875	0.0737755	0.221326	0.221326	0.0108856	0.0445902	0.133771	0	0.00397657	0.45531	0.15177	0	0.0335907	0	0	1	0.75	0.046875	0	0.0130208	0.000318739	0	
4	0.221326	0.778674	0	0.09375	0.046875	0.669849	0.768389	0.768389	0.00502947	0.046875	0.0737755	0.221326	0.221326	0.0108856	0.0445902	0.133771	0	0.00397657	0.481139	0.16038	0	0.0354963	0	0	0	0.75	0.046875	0	0.015625	0.000366211	0	
5	0.25974	0.74026	0	0.25	0.125	0.590005	0.629554	0.629554	0.000815907	0.125	0.0324674	0.25974	0.25974	0.00737895	0.018128	0.145024	0	0.00230036	0.467061	0	0.155687	0.0404381	0	0	1	0.5625	0.125	0	0.0694444	0.00239318	0	
5	0.505687	0.494313	0	0.09375	0.046875	0.654279	0.768389	0.768389	0.00654484	0.046875	0.168562	0.505687	0.505687	0.0568266	0.0994594	0.298378	0	0.0197843	0.362875	0	0.120958	0.0611671	0	0	0	0.5625	0.046875	0	0.015625	0.000488281	0	
5	0.74026	0.25974	0	0.1875	0.09375	0.634558	0.768389	0.768389	0.00428925	0.09375	0.123377	0.505687	0.505687	0.0365689	0.071607	0.298378	0	0.0125824	0.534994	0.178331	0	0.132012	0	0	1	0.5625	0.09375	0	0.0260417	0.00141059	1	
5	0.74026	0.25974	0	0.09375	0.046875	0.589851	0.619922	0.619922	0.000606743	0.046875	0.246753	0.505687	0.505687	0.0426941	0.143214	0.298378	0	0.0149097	0.548018	0.182673	0	0.135225	0	0	1	0.5625	0.046875	0	0.0121528	0.000367718	1	
6	0.766742	0.233258	0	0.09375	0.046875	0.622308	0.629554	0.629554	0.000101418	0.046875	0.255581	0.766742	0.766742	0.130643	0.15541	0.466231	0	0.0483047	0.70084	0.233613	0	0.179121	0	0	0	0.75	0.046875	0	0.0182292	0.000318739	0	
6	0.766742	0.233258	0	0.21875	0.109375	0.593933	0.629554	0.629554	0.000809002	0.109375	0.109535	0.766742	0.766742	0.071987	0.0619191	0.433434	0	0.0230039	0.467061	0	0.155687	0.119372	0	0	1	0.75	0.109375	0	0.046875	0.00170898	0	
6	0.317149	0.682851	0	0.125	0.0625	0.623682	0.636753	0.636753	0.000163992	0.0625	0.0792873	0.233258	0.233258	0.00907527	0.048247	0.140982	0	0.00331737	0.45531	0.15177	0	0.0481338	0	0	1	0.75	0.0625	0	0.0182292	0.00052219	1	
6	0.233258	0.766742	0	0.125	0.0625	0.660799	0.768389	0.768389	0.0040178	0.0625	0.0583144	0.233258	0.233258	0.0102017	0.0352455	0.140982	0	0.00372674	0.481139	0.16038	0	0.0374098	0	0	0	0.75	0.0625	0	0.0195312	0.000534058	0	
7	0.340425	0.659575	0	0.25	0.125	0.627559	0.66043	0.66043	0.000422059	0.125	0.0425531	0.170213	0.170213	0.00543231	0.0267276	0.108634	0	0.00214384	0.584905	0	0.194968	0.0663721	0	0	0	1	0.125	0	0.0410156	0.00152206	1	
7	0.170213	0.829787	0	0.09375	0.046875	0.622308	0.629554	0.629554	0.000101418	0.046875	0.0567375	0.170213	0.170213	0.00643829	0.0345002	0.103501	0	0.00238053	0.70084	0.233613	0	0.0397639	0	0	0	1	0.046875	0	0.0146484	0.000319481	0	
7	0.340425	0.659575	0	0.21875	0.109375	0.593933	0.629554	0.629554	0.000809002	0.109375	0.0486322	0.170213	0.170213	0.00591272	0.0287724	0.105187	0	0.00207538	0.467061	0	0.155687	0.0529998	0	0	1	1	0.109375	0	0.0439453	0.00180721	0	
7	0.659575	0.340425	0	0.15625	0.078125	0.634939	0.768389	0.768389	0.00514623	0.078125	0.131915	0.46444	0.46444	0.0333548	0.0750065	0.259894	0	0.0105344	0.534994	0.178331	0	0.117623	0	0	1	1	0.078125	0	0.0195312	0.000808716	1	
7	0.85471	0.14529	0	0.125	0.0625	0.600801	0.63365	0.63365	0.000814746	0.0625	0.213677	0.46444	0.46444	0.0273069	0.12467	0.259894	0	0.00848002	0.548018	0.182673	0	0.156132	0	0	1	1	0.0625	0	0.0136719	0.000453949	1	
8	0.193612	0.806388	0	0.09375	0.046875	0.679285	0.768389	0.768389	0.00397009	0.046875	0.0645374	0.193612	0.193612	0.00833016	0.0410133	0.12304	0	0.00336418	0.481139	0.16038	0	0.0310515	0	0	0	0.8125	0.046875	0	0.0144231	0.000355376	0	
8	0.699771	0.300229	0	0.09375	0.046875	0.664135	0.768389	0.768389	0.00575601	0.046875	0.233257	0.699771	0.699771	0.108818	0.137632	0.412896	0	0.0378852	0.362875	0	0.120958	0.0846432	0	0	0	0.8125	0.046875	0	0.015625	0.000413161	1	
9	0.934821	0.0651789	0	0.1875	0.09375	0.604014	0.702424	0.702424	0.00237978	0.09375	0.155804	0.934821	0.934821	0.121374	0.0880746	0.528448	0	0.0387857	0.545712	0	0.181904	0.170048	0	0	1	0.4375	0.09375	0	0.03125	0.00167411	0	
9	0.934821	0.0651789	0	0.1875	0.09375	0.588455	0.629554	0.629554	0.000692363	0.09375	0.155804	0.934821	0.934821	0.121374	0.0880746	0.528448	0	0.0387857	0.594933	0	0.198311	0.185385	1	0	1	0.4375	0.09375	0	0.0290179	0.001704	0	
9	0.934821	0.0651789	0	0.21875	0.109375	0.593933	0.629554	0.629554	0.000809002	0.109375	0.133546	0.934821	0.934821	0.107007	0.0754925	0.528448	0	0.0341947	0.467061	0	0.155687	0.14554	1	0	1	0.4375	0.109375	0	0.0357143	0.00228197	0	
9	0.17347	0.82653	0	0.125	0.0625	0.623682	0.636753	0.636753	0.000163992	0.0625	0.0433676	0.108292	0.108292	0.00211309	0.0266317	0.0671323	0	0.00080542	0.45531	0.15177	0	0.0263276	0	0	1	0.4375	0.0625	0	0.0290179	0.00058793	0	
9	0.0651789	0.934821	0	0.125	0.0625	0.660799	0.768389	0.768389	0.0040178	0.0625	0.0162947	0.0651789	0.0651789	0.000796554	0.0098486	0.0393944	0	0.000290985	0.481139	0.16038	0	0.0104534	0	0	0	0.4375	0.0625	0	0.0290179	0.00058793	1	
9	0.0651789	0.934821	0	0.09375	0.046875	0.654279	0.768389	0.768389	0.00654484	0.046875	0.0217263	0.0651789	0.0651789	0.000944064	0.0131315	0.0393944	0	0.000344871	0.362875	0	0.120958	0.00788394	0	0	0	0.4375	0.046875	0	0.0267857	0.000398597	0	
10	0.85132	0.14868	0	0.1875	0.09375	0.604014	0.702424	0.702424	0.00237978	0.09375	0.141887	0.85132	0.85132	0.100659	0.0802075	0.481245	0	0.0321662	0.545712	0	0.181904	0.154859	0	0	1	0.4375	0.09375	0	0.03125	0.00167411	0	
10	0.14868	0.85132	0	0.0625	0.03125	0.629429	0.629554	0.629554	1.55127e-08	0.03125	0.0743402	0.14868	0.14868	0.00552646	0.0468011	0.0936022	0	0.00219035	0.70084	0.233613	0	0.0347337	0	0	0	0.4375	0.03125	0	0.0133929	0.000239158	1	
10	0.0134895	0.986511	0	0.125	0.0625	0.627044	0.65141	0.65141	0.000199147	0.0625	0.00337237	0.0134895	0.0134895	3.41186e-05	0.0020906	0.00836242	0	1.31119e-05	0.45531	0.15177	0	0.0020473	0	0	1	0.4375	0.0625	0	0.0334821	0.00058793	0	
11	0.0504674	0.949533	0	0.0625	0.03125	0.644264	0.65141	0.65141	5.10649e-05	0.03125	0.0252337	0.0504674	0.0504674	0.000636739	0.0160768	0.0321537	0	0.000258465	0.455067	0.151689	0	0.00765534	0	0	0	0.5	0.03125	0	0.00976562	0.000179291	1	
11	0.949533	0.0504674	0	0.15625	0.078125	0.598955	0.702424	0.702424	0.00270223	0.078125	0.189907	0.949533	0.949533	0.144258	0.107353	0.536764	0	0.0460985	0.545712	0	0.181904	0.172724	0	0	1	0.5	0.078125	0	0.0214844	0.00109482	0	
11	0.0504674	0.949533	0	0.03125	0.015625	0.637118	0.637118	0.637118	0	0.015625	0.0504674	0.0504674	0.0504674	0	0.0321537	0.0321537	0.0321537	0	0.588009	0.196003	0	0.00989176	0	0	0	0.5	0.015625	0	0.00390625	4.57764e-05	1	
11	0.949533	0.0504674	0	0.15625	0.078125	0.580236	0.617976	0.617976	0.00042546	0.078125	0.189907	0.949533	0.949533	0.144258	0.107353	0.536764	0	0.0460985	0.594933	0	0.198311	0.188303	1	0	1	0.5	0.078125	0	0.0195312	0.00114441	0	
11	0.949533	0.0504674	0	0.15625	0.078125	0.579735	0.617976	0.617976	0.000427027	0.078125	0.189907	0.949533	0.949533	0.144258	0.107353	0.536764	0	0.0460985	0.467061	0	0.155687	0.14783	1	0	1	0.5	0.078125	0	0.0195312	0.00114441	0	
11	0.126731	0.873269	0	0.125	0.0625	0.627044	0.65141	0.65141	0.000199147	0.0625	0.0316826	0.126731	0.126731	0.00301137	0.0196407	0.078563	0	0.00115728	0.45531	0.15177	0	0.0192339	0	0	1	0.5	0.0625	0	0.0292969	0.000637054	0	
12	0.00670145	0.993299	0	0.125	0.0625	0.627044	0.65141	0.65141	0.000199147	0.0625	0.00167536	0.00670145	0.00670145	8.42051e-06	0.00103859	0.00415437	0	3.23603e-06	0.45531	0.15177	0	0.00101708	0	0	1	0.625	0.0625	0	0.0234375	0.000646973	0	
12	0.749573	0.250427	0	0.09375	0.046875	0.631448	0.662338	0.662338	0.000636438	0.046875	0.249858	0.749573	0.749573	0.124858	0.157776	0.473327	0	0.0497863	0.323993	0	0.107998	0.0809521	0	0	1	0.625	0.046875	0	0.0265625	0.000490723	0	
12	0.250427	0.749573	0	0.0625	0.03125	0.672203	0.677923	0.677923	3.27262e-05	0.03125	0.125214	0.250427	0.250427	0.0156785	0.0848853	0.169771	0	0.00720551	0.428435	0.142812	0	0.0357639	0	0	0	0.625	0.03125	0	0.0171875	0.000217285	1	
13	0.0651789	0.934821	0	0.03125	0.015625	0.65141	0.65141	0.65141	0	0.015625	0.0651789	0.0651789	0.0651789	0	0.0424582	0.0424582	0.0424582	0	0.455067	0.151689	0	0.00988691	0	0	0	0.5	0.015625	0	0.00585938	5.72205e-05	0	
13	0.934821	0.0651789	0	0.15625	0.078125	0.598955	0.702424	0.702424	0.00270223	0.078125	0.186964	0.934821	0.934821	0.139822	0.10569	0.528448	0	0.0446811	0.545712	0	0.181904	0.170048	0	0	1	0.5	0.078125	0	0.0214844	0.00109482	0	
13	0.934821	0.0651789	0	0.15625	0.078125	0.580236	0.617976	0.617976	0.00042546	0.078125	0.186964	0.934821	0.934821	0.139822	0.10569	0.528448	0	0.0446811	0.594933	0	0.198311	0.185385	1	0	1	0.5	0.078125	0	0.0195312	0.00114441	0	
13	0.934821	0.0651789	0	0.15625	0.078125	0.579735	0.617976	0.617976	0.000427027	0.078125	0.186964	0.934821	0.934821	0.139822	0.10569	0.528448	0	0.0446811	0.467061	0	0.155687	0.14554	1	0	1	0.5	0.078125	0	0.0195312	0.00114441	0	
13	0.177203	0.822797	0	0.125	0.0625	0.627044	0.65141	0.65141	0.000199147	0.0625	0.0443007	0.0651789	0.0651789	0.000710206	0.0279301	0.0424582	0	0.000285871	0.45531	0.15177	0	0.0268941	0	0	1	0.5	0.0625	0	0.0292969	0.000637054	1	
13	0.0651789	0.934821	0	0.09375	0.046875	0.608963	0.61974	0.61974	0.000180106	0.046875	0.0217263	0.0651789	0.0651789	0.000944064	0.0134074	0.0402221	0	0.000359516	0.362875	0	0.120958	0.00788394	0	0	0	0.5	0.046875	0	0.0253906	0.000423431	0	
14	0.787328	0.212672	0	0.15625	0.078125	0.598955	0.702424	0.702424	0.00270223	0.078125	0.157466	0.787328	0.787328	0.0991816	0.0890142	0.445071	0	0.0316941	0.545712	0	0.181904	0.143218	0	0	1	0.5	0.078125	0	0.0253906	0.00103378	0	
14	0.943188	0.0568119	0	0.125	0.0625	0.599182	0.621793	0.621793	0.000352533	0.0625	0.235797	0.943188	0.943188	0.166801	0.138163	0.552652	0	0.057267	0.497957	0	0.165986	0.156556	0	0	1	0.5	0.0625	0	0.0234375	0.000915527	0	
14	0.943188	0.0568119	0	0.125	0.0625	0.591839	0.61293	0.61293	0.000182218	0.0625	0.235797	0.943188	0.943188	0.166801	0.138163	0.552652	0	0.057267	0.55214	0.184047	0	0.173591	0	0	1	0.5	0.0625	0	0.0234375	0.000915527	1	
14	0.943188	0.0568119	0	0.125	0.0625	0.644035	0.702424	0.702424	0.00194017	0.0625	0.235797	0.943188	0.943188	0.166801	0.138163	0.552652	0	0.057267	0.570853	0.190284	0	0.179474	0	0	1	0.5	0.0625	0	0.0234375	0.000915527	1	
14	0.113624	0.886376	0	0.09375	0.046875	0.608963	0.61974	0.61974	0.000180106	0.046875	0.0378746	0.0568119	0.0568119	0.000717242	0.0234225	0.0352086	0	0.00027431	0.362875	0	0.120958	0.0137438	0	0	0	0.5	0.046875	0	0.0292969	0.000331879	0	
15	0.792193	0.207807	0	0.09375	0.046875	0.639457	0.662338	0.662338	0.000269673	0.046875	0.264064	0.792193	0.792193	0.13946	0.166747	0.50024	0	0.055609	0.390443	0	0.130148	0.103102	0	0	0	0.625	0.046875	0	0.021875	0.000498047	0	
15	0.302801	0.697199	0	0.125	0.0625	0.675829	0.732216	0.732216	0.00119544	0.0625	0.0757004	0.302801	0.302801	0.0171916	0.0482989	0.193195	0	0.00699834	0.364407	0.121469	0	0.036781	0	0	0	0.625	0.0625	0	0.025	0.000595703	1	
16	0.0142111	0.985789	0	0.3125	0.15625	0.634693	0.688056	0.688056	0.000664487	0.15625	0.00142111	0.00710555	0.00710555	8.07821e-06	0.0008926	0.00453494	0	3.18797e-06	0.584905	0	0.194968	0.00277071	0	0	0	0.8125	0.15625	0	0.0576923	0.00219293	0	
16	0.00710555	0.992894	0	0.28125	0.140625	0.609332	0.688056	0.688056	0.00159611	0.140625	0.000789506	0.00710555	0.00710555	4.98655e-06	0.000487895	0.00439106	0	1.90433e-06	0.467061	0	0.155687	0.00110624	0	0	1	0.8125	0.140625	0	0.0649038	0.00228539	0	
16	0.239433	0.760567	0	0.03125	0.015625	0.635496	0.635496	0.635496	0	0.015625	0.239433	0.239433	0.239433	0	0.152159	0.152159	0.152159	0	0.481139	0.16038	0	0.0384002	0	0	0	0.8125	0.015625	0	0.00360577	4.33386e-05	1	
16	0.992894	0.00710555	0	0.03125	0.015625	0.624572	0.624572	0.624572	0	0.015625	0.992894	0.992894	0.992894	0	0.620134	0.620134	0.620134	0	0.390443	0	0.130148	0.129223	0	0	0	0.8125	0.015625	0	0.00360577	4.33386e-05	0	
16	0.992894	0.00710555	0	0.0625	0.03125	0.612205	0.624572	0.624572	0.000152932	0.03125	0.496447	0.992894	0.992894	0.24646	0.310067	0.620134	0	0.0961415	0.402483	0.134161	0	0.133208	0	0	1	0.8125	0.03125	0	0.00721154	0.000173354	0	
16	0.992894	0.00710555	0	0.03125	0.015625	0.624572	0.624572	0.624572	0	0.015625	0.992894	0.992894	0.992894	0	0.620134	0.620134	0.620134	0	0.281168	0.0937226	0	0.0930567	0	0	0	0.8125	0.015625	0	0.00360577	4.33386e-05	0	
16	0.992894	0.00710555	0	0.0625	0.03125	0.612205	0.624572	0.624572	0.000152932	0.03125	0.496447	0.992894	0.992894	0.24646	0.310067	0.620134	0	0.0961415	0.323993	0	0.107998	0.10723	0	0	1	0.8125	0.03125	0	0.00721154	0.000173354	0	
17	0.0149813	0.985019	0	0.03125	0.015625	0.637118	0.637118	0.637118	0	0.015625	0.0149813	0.0149813	0.0149813	0	0.00954486	0.00954486	0.00954486	0	0.455067	0.151689	0	0.0022725	0	0	0	0.5625	0.015625	0	0.00347222	4.21971e-05	1	
17	0.915305	0.0846952	0	0.25	0.125	0.601716	0.702424	0.702424	0.00202292	0.125	0.114413	0.915305	0.915305	0.0916325	0.0646769	0.517415	0	0.0292817	0.545712	0	0.181904	0.166498	0	0	1	0.5625	0.125	0	0.0329861	0.00251977	0	
17	0.0149813	0.985019	0	0.09375	0.046875	0.655092	0.665936	0.665936	0.000163835	0.046875	0.00499377	0.0149813	0.0149813	4.98754e-05	0.00318162	0.00954486	0	2.02454e-05	0.588009	0.196003	0	0.00293638	0	0	0	0.5625	0.046875	0	0.0190972	0.000367718	0	
17	0.915305	0.0846952	0	0.28125	0.140625	0.596938	0.652056	0.652056	0.00104565	0.140625	0.101701	0.915305	0.915305	0.082744	0.0574906	0.517415	0	0.0264414	0.594933	0	0.198311	0.181515	0	0	1	0.5625	0.140625	0	0.0381944	0.00309848	0	
17	0.915305	0.0846952	0	0.21875	0.109375	0.593933	0.629554	0.629554	0.000809002	0.109375	0.130758	0.915305	0.915305	0.102586	0.0739165	0.517415	0	0.0327819	0.467061	0	0.155687	0.142501	0	0	1	0.5625	0.109375	0	0.03125	0.00189887	0	
17	0.0697139	0.930286	0	0.09375	0.046875	0.686481	0.768389	0.768389	0.00364718	0.046875	0.023238	0.0697139	0.0697139	0.00108001	0.0154877	0.046463	0	0.000479736	0.390443	0	0.130148	0.00907311	0	0	0	0.5625	0.046875	0	0.0190972	0.000421971	0	
17	0.0697139	0.930286	0	0.09375	0.046875	0.630298	0.666482	0.666482	0.000756612	0.046875	0.023238	0.0697139	0.0697139	0.00108001	0.0154877	0.046463	0	0.000479736	0.402483	0.134161	0	0.00935289	0	0	1	0.5625	0.046875	0	0.015625	0.000488281	0	
17	0.0697139	0.930286	0	0.0625	0.03125	0.645527	0.666482	0.666482	0.000439115	0.03125	0.0348569	0.0697139	0.0697139	0.00121501	0.0232315	0.046463	0	0.000539704	0.281168	0.0937226	0	0.00653377	0	0	0	0.5625	0.03125	0	0.0104167	0.000217014	0	
17	0.0697139	0.930286	0	0.03125	0.015625	0.666482	0.666482	0.666482	0	0.015625	0.0697139	0.0697139	0.0697139	0	0.046463	0.046463	0.046463	0	0.428435	0.142812	0	0.00995595	0	0	0	0.5625	0.015625	0	0.00520833	5.42535e-05	0	
18	0.897682	0.102318	0	0.25	0.125	0.601716	0.702424	0.702424	0.00202292	0.125	0.11221	0.897682	0.897682	0.0881379	0.0634316	0.507453	0	0.028165	0.545712	0	0.181904	0.163292	0	0	1	0.625	0.125	0	0.03125	0.00229492	1	
18	0.897682	0.102318	0	0.28125	0.140625	0.596938	0.652056	0.652056	0.00104565	0.140625	0.0997424	0.897682	0.897682	0.0795884	0.0563837	0.507453	0	0.025433	0.594933	0	0.198311	0.17802	0	0	1	0.625	0.140625	0	0.034375	0.00291992	1	
18	0.897682	0.102318	0	0.21875	0.109375	0.593933	0.629554	0.629554	0.000809002	0.109375	0.12824	0.897682	0.897682	0.0986733	0.0724933	0.507453	0	0.0315317	0.467061	0	0.155687	0.139757	0	0	1	0.625	0.109375	0	0.028125	0.00179688	1	
18	0.102318	0.897682	0	0.09375	0.046875	0.686481	0.768389	0.768389	0.00364718	0.046875	0.0341061	0.0541608	0.0541608	0.00058762	0.0220584	0.0360972	0	0.000249324	0.390443	0	0.130148	0.0133165	0	0	0	0.625	0.046875	0	0.0171875	0.000412598	0	
18	0.102318	0.897682	0	0.09375	0.046875	0.630298	0.666482	0.666482	0.000756612	0.046875	0.0341061	0.0541608	0.0541608	0.00058762	0.0220584	0.0360972	0	0.000249324	0.402483	0.134161	0	0.0137271	0	0	1	0.625	0.046875	0	0.0140625	0.000461426	1	
18	0.102318	0.897682	0	0.0625	0.03125	0.645527	0.666482	0.666482	0.000439115	0.03125	0.0511592	0.0541608	0.0541608	9.00997e-06	0.0330875	0.0360972	0.0300778	9.05828e-06	0.281168	0.0937226	0	0.00958954	0	0	0	0.625	0.03125	0	0.009375	0.000205078	1	
18	0.0481575	0.951842	0	0.0625	0.03125	0.612205	0.624572	0.624572	0.000152932	0.03125	0.0240788	0.0481575	0.0481575	0.000579787	0.0150389	0.0300778	0	0.000226169	0.323993	0	0.107998	0.0052009	0	0	1	0.625	0.03125	0	0.009375	0.000205078	0	
18	0.0541608	0.945839	0	0.03125	0.015625	0.666482	0.666482	0.666482	0	0.015625	0.0541608	0.0541608	0.0541608	0	0.0360972	0.0360972	0.0360972	0	0.428435	0.142812	0	0.00773479	0	0	0	0.625	0.015625	0	0.0046875	5.12695e-05	0	
19	0.916234	0.0837655	0	0.1875	0.09375	0.602908	0.702424	0.702424	0.00212177	0.09375	0.152706	0.916234	0.916234	0.116595	0.0928553	0.557132	0	0.0431106	0.640407	0	0.213469	0.195588	1	0	0	0.625	0.09375	0	0.0265625	0.00127197	0	
19	0.838729	0.161271	0	0.25	0.125	0.601716	0.702424	0.702424	0.00202292	0.125	0.104841	0.838729	0.838729	0.0769417	0.059266	0.474128	0	0.0245872	0.545712	0	0.181904	0.152568	0	0	1	0.625	0.125	0	0.0359375	0.00234619	1	
19	0.0837655	0.916234	0	0.09375	0.046875	0.686481	0.768389	0.768389	0.00364718	0.046875	0.0279218	0.0837655	0.0837655	0.00155926	0.0186094	0.0558282	0	0.00069262	0.390443	0	0.130148	0.0109019	0	0	0	0.625	0.046875	0	0.0171875	0.000412598	0	
19	0.0837655	0.916234	0	0.09375	0.046875	0.630298	0.666482	0.666482	0.000756612	0.046875	0.0279218	0.0837655	0.0837655	0.00155926	0.0186094	0.0558282	0	0.00069262	0.402483	0.134161	0	0.0112381	0	0	1	0.625	0.046875	0	0.0140625	0.000461426	0	
19	0.0837655	0.916234	0	0.0625	0.03125	0.645527	0.666482	0.666482	0.000439115	0.03125	0.0418828	0.0837655	0.0837655	0.00175417	0.0279141	0.0558282	0	0.000779197	0.281168	0.0937226	0	0.00785072	0	0	0	0.625	0.03125	0	0.009375	0.000205078	0	
19	0.0837655	0.916234	0	0.03125	0.015625	0.666482	0.666482	0.666482	0	0.015625	0.0837655	0.0837655	0.0837655	0	0.0558282	0.0558282	0.0558282	0	0.428435	0.142812	0	0.0119627	0	0	0	0.625	0.015625	0	0.0046875	5.12695e-05	0	
20	0.832469	0.167531	0	0.1875	0.09375	0.602908	0.702424	0.702424	0.00212177	0.09375	0.138745	0.832469	0.832469	0.0962506	0.0843662	0.506197	0	0.0355882	0.640407	0	0.213469	0.177706	1	0	0	0.6875	0.09375	0	0.0298295	0.00126307	1	
20	1	1.11022e-16	0.0204964	0.3125	0.15625	0.600089	0.652056	0.652056	0.00103049	0.15625	0.1	0.916234	0.916234	0.0745003	0.0570595	0.517941	0	0.0237884	0.594933	0	0.198311	0.198311	0	0	1	0.6875	0.15625	0	0.0568182	0.00409591	0	
20	0.926426	0.0735737	0	0.21875	0.109375	0.593933	0.629554	0.629554	0.000809002	0.109375	0.132347	0.916234	0.916234	0.102426	0.0749082	0.517941	0	0.0327179	0.467061	0	0.155687	0.144233	0	0	1	0.6875	0.109375	0	0.0369318	0.00174329	0	
20	0.0837655	0.916234	0	0.09375	0.046875	0.686481	0.768389	0.768389	0.00364718	0.046875	0.0279218	0.0837655	0.0837655	0.00155926	0.0186094	0.0558282	0	0.00069262	0.390443	0	0.130148	0.0109019	0	0	0	0.6875	0.046875	0	0.015625	0.000399503	0	
20	0.0837655	0.916234	0	0.09375	0.046875	0.630298	0.666482	0.666482	0.000756612	0.046875	0.0279218	0.0837655	0.0837655	0.00155926	0.0186094	0.0558282	0	0.00069262	0.402483	0.134161	0	0.0112381	0	0	1	0.6875	0.046875	0	0.0127841	0.000435821	0	
20	0.0837655	0.916234	0	0.0625	0.03125	0.645527	0.666482	0.666482	0.000439115	0.03125	0.0418828	0.0837655	0.0837655	0.00175417	0.0279141	0.0558282	0	0.000779197	0.281168	0.0937226	0	0.00785072	0	0	0	0.6875	0.03125	0	0.00852273	0.000193698	0	
20	0.0837655	0.916234	0	0.03125	0.015625	0.666482	0.666482	0.666482	0	0.015625	0.0837655	0.0837655	0.0837655	0	0.0558282	0.0558282	0.0558282	0	0.428435	0.142812	0	0.0119627	0	0	0	0.6875	0.015625	0	0.00426136	4.84246e-05	0	
21	1	1.11022e-16	0.0344687	0.3125	0.15625	0.600089	0.652056	0.652056	0.00103049	0.15625	0.1	0.591219	0.591219	0.0333423	0.0577907	0.334212	0	0.0107062	0.594933	0	0.198311	0.198311	0	0	1	0.75	0.15625	0	0.0546875	0.00380452	0	
21	0.672221	0.327779	0	0.21875	0.109375	0.593933	0.629554	0.629554	0.000809002	0.109375	0.0960315	0.591219	0.591219	0.0416496	0.0550295	0.334212	0	0.0133001	0.467061	0	0.155687	0.104656	0	0	1	0.75	0.109375	0	0.0364583	0.00160048	1	
21	0.13626	0.86374	0	0.125	0.0625	0.623064	0.666482	0.666482	0.00072445	0.0625	0.034065	0.13626	0.13626	0.00348128	0.0204854	0.0819417	0	0.00125896	0.402483	0.134161	0	0.0182808	0	0	1	0.75	0.0625	0	0.015625	0.000732422	0	
21	0.13626	0.86374	0	0.09375	0.046875	0.630805	0.666482	0.666482	0.000726204	0.046875	0.0454201	0.13626	0.13626	0.00412596	0.0273139	0.0819417	0	0.0014921	0.281168	0.0937226	0	0.0127707	0	0	0	0.75	0.046875	0	0.0117188	0.000411987	0	
21	0.13626	0.86374	0	0.09375	0.046875	0.608591	0.624572	0.624572	0.000128084	0.046875	0.0454201	0.13626	0.13626	0.00412596	0.0273139	0.0819417	0	0.0014921	0.323993	0	0.107998	0.0147158	0	0	1	0.75	0.046875	0	0.0117188	0.000411987	0	
22	0.193612	0.806388	0	0.125	0.0625	0.668616	0.768389	0.768389	0.00331908	0.0625	0.0484031	0.0645374	0.0645374	0.000780952	0.0307533	0.041085	0	0.000315258	0.481139	0.16038	0	0.0310515	0	0	0	0.875	0.0625	0	0.0178571	0.000622808	1	
23	0.492773	0.507227	0	0.1875	0.09375	0.620303	0.652056	0.652056	0.000311055	0.09375	0.0821288	0.492773	0.492773	0.0337257	0.0503393	0.302036	0	0.0126702	0.584905	0	0.194968	0.0960751	0	0	0	0.625	0.09375	0	0.034375	0.00121094	1	
23	0.507227	0.492773	0	0.125	0.0625	0.644035	0.702424	0.702424	0.00194017	0.0625	0.126807	0.507227	0.507227	0.0482398	0.0743012	0.297205	0	0.016562	0.570853	0.190284	0	0.0965174	0	0	1	0.625	0.0625	0	0.025	0.000693359	1	
23	0.0457196	0.95428	0	0.09375	0.046875	0.654279	0.768389	0.768389	0.00654484	0.046875	0.0152399	0.0457196	0.0457196	0.000464508	0.00899221	0.0269766	0	0.00016172	0.362875	0	0.120958	0.00553018	0	0	0	0.625	0.046875	0	0.0171875	0.000461426	0	
24	0.0483528	0.951647	0	0.15625	0.078125	0.601876	0.702424	0.702424	0.00253973	0.078125	0.00967056	0.0483528	0.0483528	0.000374079	0.00551434	0.0275717	0	0.000121632	0.640407	0	0.213469	0.0103218	1	0	0	0.6875	0.078125	0	0.0454545	0.000907961	0	
24	0.0860716	0.913928	0	0.09375	0.046875	0.631875	0.666068	0.666068	0.00091732	0.046875	0.0286905	0.0860716	0.0860716	0.0016463	0.0169974	0.0509921	0	0.000577821	0.487286	0.162429	0	0.0139805	0	0	0	0.6875	0.046875	0	0.00994318	0.000322831	1	
24	0.0860716	0.913928	0	0.0625	0.03125	0.614778	0.637118	0.637118	0.000499078	0.03125	0.0430358	0.0860716	0.0860716	0.00185208	0.0254961	0.0509921	0	0.000650049	0.588009	0.196003	0	0.0168703	0	0	0	0.6875	0.03125	0	0.00568182	0.000145274	0	
24	0.865576	0.134424	0	0.0625	0.03125	0.63144	0.662338	0.662338	0.000954657	0.03125	0.432788	0.865576	0.865576	0.187305	0.259908	0.519815	0	0.067552	0.261036	0	0.0870121	0.0753156	0	0	1	0.6875	0.03125	0	0.00852273	0.000193698	0	
24	0.865576	0.134424	0	0.0625	0.03125	0.63144	0.662338	0.662338	0.000954657	0.03125	0.432788	0.865576	0.865576	0.187305	0.259908	0.519815	0	0.067552	0.402483	0.134161	0	0.116127	0	0	1	0.6875	0.03125	0	0.00852273	0.000193698	0	
24	0.865576	0.134424	0	0.09375	0.046875	0.670344	0.748151	0.748151	0.00366341	0.046875	0.288525	0.865576	0.865576	0.166494	0.173272	0.519815	0	0.0600462	0.323993	0	0.107998	0.0934802	0	0	1	0.6875	0.046875	0	0.0142045	0.00041968	0	
24	0.865576	0.134424	0	0.09375	0.046875	0.670344	0.748151	0.748151	0.00366341	0.046875	0.288525	0.865576	0.865576	0.166494	0.173272	0.519815	0	0.0600462	0.412423	0	0.137474	0.118995	0	0	1	0.6875	0.046875	0	0.0142045	0.00041968	0	
25	0.464099	0.535901	0	0.15625	0.078125	0.601876	0.702424	0.702424	0.00253973	0.078125	0.0928197	0.464099	0.464099	0.034462	0.053805	0.269025	0	0.0115799	0.640407	0	0.213469	0.0990706	1	0	0	0.625	0.078125	0	0.01875	0.000917969	0	
25	0.129244	0.870756	0	0.09375	0.046875	0.690954	0.739212	0.739212	0.00256032	0.046875	0.0430815	0.129244	0.129244	0.00371203	0.0318463	0.095539	0	0.00202838	0.455067	0.151689	0	0.0196049	0	0	0	0.625	0.046875	0	0.015625	0.000341797	0	
25	0.129244	0.870756	0	0.03125	0.015625	0.739212	0.739212	0.739212	0	0.015625	0.129244	0.129244	0.129244	0	0.095539	0.095539	0.095539	0	0.357471	0	0.119157	0.0154004	0	0	0	0.625	0.015625	0	0.0046875	5.12695e-05	1	
25	0.870756	0.129244	0	0.15625	0.078125	0.598955	0.702424	0.702424	0.00270223	0.078125	0.174151	0.464099	0.464099	0.0458229	0.0997811	0.269025	0	0.0150876	0.545712	0	0.181904	0.158394	0	0	1	0.625	0.078125	0	0.01875	0.000917969	0	
25	0.870756	0.129244	0	0.15625	0.078125	0.580236	0.617976	0.617976	0.00042546	0.078125	0.174151	0.464099	0.464099	0.0458229	0.0997811	0.269025	0	0.0150876	0.594933	0	0.198311	0.17268	1	0	1	0.625	0.078125	0	0.015625	0.000976562	0	
25	0.129244	0.870756	0	0.03125	0.015625	0.739212	0.739212	0.739212	0	0.015625	0.129244	0.129244	0.129244	0	0.095539	0.095539	0.095539	0	0.398688	0.132896	0	0.0171761	0	0	0	0.625	0.015625	0	0.0046875	5.12695e-05	1	
25	0.406657	0.593343	0	0.15625	0.078125	0.579735	0.617976	0.617976	0.000427027	0.078125	0.0813314	0.406657	0.406657	0.0264592	0.0459761	0.22988	0	0.0084552	0.467061	0	0.155687	0.0633112	1	0	1	0.625	0.078125	0	0.015625	0.000976562	0	
26	1	1.11022e-16	0	0.0625	0.03125	0.575687	0.58594	0.58594	0.000105137	0.03125	0.5	0.509474	0.509474	8.97602e-05	0.287746	0.288073	0.287419	1.07159e-07	0.497957	0	0.165986	0.165986	0	0	1	0.6875	0.03125	0	0.00852273	0.000193698	0	
26	0.490526	0.509474	0	0.03125	0.015625	0.58594	0.58594	0.58594	0	0.015625	0.490526	0.490526	0.490526	0	0.287419	0.287419	0.287419	0	0.55214	0.184047	0	0.0902797	0	0	1	0.6875	0.015625	0	0.00426136	4.84246e-05	1	
26	1	1.11022e-16	0	0.125	0.0625	0.629945	0.702424	0.702424	0.00316254	0.0625	0.25	0.509474	0.509474	0.0625449	0.143873	0.288073	0	0.0206995	0.570853	0.190284	0	0.190284	0	0	1	0.6875	0.0625	0	0.0227273	0.00063759	0	
26	0.840001	0.159999	0	0.09375	0.046875	0.654279	0.768389	0.768389	0.00654484	0.046875	0.28	0.840001	0.840001	0.1568	0.165213	0.495638	0	0.0545905	0.362875	0	0.120958	0.101605	0	0	0	0.6875	0.046875	0	0.015625	0.000443892	0	
27	0.501256	0.498744	0	0.0625	0.03125	0.69648	0.768389	0.768389	0.00517081	0.03125	0.250628	0.501256	0.501256	0.0628144	0.156535	0.31307	0	0.0245033	0.390443	0	0.130148	0.0652374	0	0	0	0.875	0.03125	0	0.00892857	0.000164421	0	
27	0.501256	0.498744	0	0.0625	0.03125	0.612205	0.624572	0.624572	0.000152932	0.03125	0.250628	0.501256	0.501256	0.0628144	0.156535	0.31307	0	0.0245033	0.402483	0.134161	0	0.0672491	0	0	1	0.875	0.03125	0	0.00669643	0.000164421	0	
27	0.498744	0.501256	0	0.15625	0.078125	0.634939	0.768389	0.768389	0.00514623	0.078125	0.0997488	0.393406	0.393406	0.0232231	0.0564597	0.220145	0	0.00727767	0.534994	0.178331	0	0.0889417	0	0	1	0.875	0.078125	0	0.0223214	0.000861966	1	
27	0.501256	0.498744	0	0.03125	0.015625	0.624572	0.624572	0.624572	0	0.015625	0.501256	0.501256	0.501256	0	0.31307	0.31307	0.31307	0	0.281168	0.0937226	0	0.046979	0	0	0	0.875	0.015625	0	0.00334821	4.11053e-05	0	
27	0.501256	0.498744	0	0.0625	0.03125	0.612205	0.624572	0.624572	0.000152932	0.03125	0.250628	0.501256	0.501256	0.0628144	0.156535	0.31307	0	0.0245033	0.323993	0	0.107998	0.0541345	0	0	1	0.875	0.03125	0	0.00669643	0.000164421	0	
27	0.604082	0.395918	0	0.125	0.0625	0.600801	0.63365	0.63365	0.000814746	0.0625	0.15102	0.393406	0.393406	0.021433	0.0872615	0.220145	0	0.00658095	0.548018	0.182673	0	0.110349	0	0	1	0.875	0.0625	0	0.015625	0.000488281	0	
28	0.288805	0.711195	0	0.1875	0.09375	0.602908	0.702424	0.702424	0.00212177	0.09375	0.0481341	0.220718	0.220718	0.00657514	0.0288393	0.134211	0	0.00242163	0.640407	0	0.213469	0.0616508	1	0	0	0.6875	0.09375	0	0.0355114	0.00115815	0	
28	0.220718	0.779282	0	0.0625	0.03125	0.61881	0.629554	0.629554	0.000115417	0.03125	0.110359	0.220718	0.220718	0.0121791	0.0671056	0.134211	0	0.00450317	0.70084	0.233613	0	0.0515626	0	0	0	0.6875	0.03125	0	0.0127841	0.000169486	1	
28	0.711195	0.288805	0	0.0625	0.03125	0.63144	0.662338	0.662338	0.000954657	0.03125	0.355598	0.711195	0.711195	0.12645	0.213552	0.427103	0	0.0456043	0.261036	0	0.0870121	0.0618826	0	0	1	0.6875	0.03125	0	0.00852273	0.000193698	0	
28	0.711195	0.288805	0	0.0625	0.03125	0.63144	0.662338	0.662338	0.000954657	0.03125	0.355598	0.711195	0.711195	0.12645	0.213552	0.427103	0	0.0456043	0.402483	0.134161	0	0.0954148	0	0	1	0.6875	0.03125	0	0.00852273	0.000193698	0	
28	0.711195	0.288805	0	0.09375	0.046875	0.670344	0.748151	0.748151	0.00366341	0.046875	0.237065	0.711195	0.711195	0.1124	0.142368	0.427103	0	0.0405372	0.323993	0	0.107998	0.0768075	0	0	1	0.6875	0.046875	0	0.0142045	0.00041968	0	
28	0.711195	0.288805	0	0.09375	0.046875	0.670344	0.748151	0.748151	0.00366341	0.046875	0.237065	0.711195	0.711195	0.1124	0.142368	0.427103	0	0.0405372	0.412423	0	0.137474	0.0977712	0	0	1	0.6875	0.046875	0	0.0142045	0.00041968	0	
29	0.811042	0.188958	0	0.15625	0.078125	0.598955	0.702424	0.702424	0.00270223	0.078125	0.162208	0.811042	0.811042	0.105246	0.0916953	0.458476	0	0.0336321	0.545712	0	0.181904	0.147532	0	0	1	0.5625	0.078125	0	0.0243056	0.000928337	0	
29	0.884451	0.115549	0	0.125	0.0625	0.591839	0.61293	0.61293	0.000182218	0.0625	0.221113	0.884451	0.884451	0.146672	0.129559	0.518235	0	0.0503565	0.55214	0.184047	0	0.16278	0	0	1	0.5625	0.0625	0	0.0277778	0.000801746	1	
30	1	1.11022e-16	0.0714206	0.34375	0.171875	0.605547	0.660117	0.660117	0.00123461	0.171875	0.0909091	0.497407	0.497407	0.0206065	0.052697	0.281181	0	0.00669729	0.594933	0	0.198311	0.198311	0	0	1	0.8125	0.171875	0	0.0612981	0.00309726	0	
30	0.0837655	0.916234	0	0.0625	0.03125	0.645527	0.666482	0.666482	0.000439115	0.03125	0.0418828	0.0837655	0.0837655	0.00175417	0.0279141	0.0558282	0	0.000779197	0.390443	0	0.130148	0.0109019	0	0	0	0.8125	0.03125	0	0.00480769	0.000127126	1	
30	0.0837655	0.916234	0	0.125	0.0625	0.623064	0.666482	0.666482	0.00072445	0.0625	0.0209414	0.0837655	0.0837655	0.00131562	0.0139571	0.0558282	0	0.000584398	0.402483	0.134161	0	0.0112381	0	0	1	0.8125	0.0625	0	0.00961538	0.000508506	1	
30	0.0837655	0.916234	0	0.09375	0.046875	0.630805	0.666482	0.666482	0.000726204	0.046875	0.0279218	0.0837655	0.0837655	0.00155926	0.0186094	0.0558282	0	0.00069262	0.281168	0.0937226	0	0.00785072	0	0	0	0.8125	0.046875	0	0.00721154	0.000286035	1	
30	0.0837655	0.916234	0	0.03125	0.015625	0.666482	0.666482	0.666482	0	0.015625	0.0837655	0.0837655	0.0837655	0	0.0558282	0.0558282	0.0558282	0	0.428435	0.142812	0	0.0119627	0	0	0	0.8125	0.015625	0	0.00240385	3.17816e-05	1	
31	0.0439634	0.956037	0	0.15625	0.078125	0.601876	0.702424	0.702424	0.00253973	0.078125	0.00879268	0.0439634	0.0439634	0.000309245	0.00501375	0.0250688	0	0.000100551	0.640407	0	0.213469	0.00938482	1	0	0	0.6875	0.078125	0	0.0284091	0.00105727	0	
31	0.0876429	0.912357	0	0.09375	0.046875	0.675084	0.719112	0.719112	0.00113886	0.046875	0.0292143	0.0876429	0.0876429	0.00170695	0.018613	0.0558389	0	0.000692884	0.455067	0.151689	0	0.0132944	0	0	0	0.6875	0.046875	0	0.0113636	0.00031476	1	
31	0.0876429	0.912357	0	0.09375	0.046875	0.672818	0.719112	0.719112	0.00117661	0.046875	0.0292143	0.0876429	0.0876429	0.00170695	0.018613	0.0558389	0	0.000692884	0.588009	0.196003	0	0.0171783	0	0	0	0.6875	0.046875	0	0.0127841	0.000302654	0	
31	0.868394	0.131606	0	0.0625	0.03125	0.63144	0.662338	0.662338	0.000954657	0.03125	0.434197	0.868394	0.868394	0.188527	0.260754	0.521508	0	0.0679926	0.261036	0	0.0870121	0.0755608	0	0	1	0.6875	0.03125	0	0.00852273	0.000193698	0	
31	0.868394	0.131606	0	0.09375	0.046875	0.670671	0.749132	0.749132	0.0037145	0.046875	0.289465	0.868394	0.868394	0.167579	0.173836	0.521508	0	0.0604378	0.402483	0.134161	0	0.116505	0	0	1	0.6875	0.046875	0	0.0142045	0.00041968	0	
31	0.868394	0.131606	0	0.125	0.0625	0.662413	0.748151	0.748151	0.00293627	0.0625	0.217098	0.868394	0.868394	0.141395	0.130377	0.521508	0	0.0509944	0.323993	0	0.107998	0.0937845	0	0	1	0.6875	0.0625	0	0.0184659	0.000746546	0	
31	0.868394	0.131606	0	0.125	0.0625	0.662413	0.748151	0.748151	0.00293627	0.0625	0.217098	0.868394	0.868394	0.141395	0.130377	0.521508	0	0.0509944	0.412423	0	0.137474	0.119382	0	0	1	0.6875	0.0625	0	0.0184659	0.000746546	0	
32	0.731744	0.268256	0	0.15625	0.078125	0.598955	0.702424	0.702424	0.00270223	0.078125	0.146349	0.731744	0.731744	0.085672	0.08273	0.41365	0	0.027377	0.545712	0	0.181904	0.133107	0	0	1	0.5625	0.078125	0	0.0208333	0.000976562	0	
32	0.119252	0.880748	0	0.09375	0.046875	0.608963	0.61974	0.61974	0.000180106	0.046875	0.0397508	0.119252	0.119252	0.00316026	0.0245304	0.0735912	0	0.00120348	0.362875	0	0.120958	0.0144246	0	0	0	0.5625	0.046875	0	0.0225694	0.000440056	0	
32	0.880748	0.119252	0	0.15625	0.078125	0.60814	0.65141	0.65141	0.000966112	0.078125	0.17615	0.880748	0.880748	0.124115	0.109199	0.545994	0	0.0476976	0.534994	0.178331	0	0.157065	0	0	1	0.5625	0.078125	0	0.03125	0.000976562	1	
33	0.733629	0.266371	0	0.15625	0.078125	0.598955	0.702424	0.702424	0.00270223	0.078125	0.146726	0.733629	0.733629	0.0861139	0.0829431	0.414715	0	0.0275182	0.545712	0	0.181904	0.13345	0	0	1	0.5625	0.078125	0	0.0208333	0.000976562	0	
33	0.116418	0.883582	0	0.09375	0.046875	0.608963	0.61974	0.61974	0.000180106	0.046875	0.0388061	0.116418	0.116418	0.00301183	0.0240497	0.0721491	0	0.00115678	0.362875	0	0.120958	0.0140818	0	0	0	0.5625	0.046875	0	0.0225694	0.000440056	0	
33	0.883582	0.116418	0	0.125	0.0625	0.596664	0.619922	0.619922	0.00059432	0.0625	0.220895	0.883582	0.883582	0.146384	0.136938	0.547751	0	0.0562559	0.548018	0.182673	0	0.161406	0	0	1	0.5625	0.0625	0	0.0260417	0.000651042	1	
34	0.811042	0.188958	0	0.15625	0.078125	0.598955	0.702424	0.702424	0.00270223	0.078125	0.162208	0.811042	0.811042	0.105246	0.0916953	0.458476	0	0.0336321	0.545712	0	0.181904	0.147532	0	0	1	0.5625	0.078125	0	0.0190972	0.00101876	1	
35	0.826675	0.173325	0	0.1875	0.09375	0.593549	0.660117	0.660117	0.00124081	0.09375	0.137779	0.826675	0.826675	0.0949156	0.0778856	0.467314	0	0.0303309	0.594933	0	0.198311	0.163939	1	0	1	0.5625	0.09375	0	0.0277778	0.00145279	1	
