QID	cand_solfracs	cand_slack	dual_coil	coil_cons_degree	coil_obj_count	coil_obj_mean	coil_obj_max	coil_obj_min	coil_obj_variance	coil_y_count	coil_y_mean	coil_y_max	coil_y_min	coil_y_variance	coil_product_mean	coil_product_max	coil_product_min	coil_product_variance	coil_weight	coil_weight_C512	coil_weight_C008	coil_weight_RH	coil_num_SR	coil_constraint_bc	coil_in_up	coil_cons_bind_count	coil_cons_bind_max	coil_cons_bind_min	coil_cons_bind_mean	coil_cons_bind_variance	coil_label	
0	0.407809	0.592191	0	0.15625	0.078125	0.606036	0.612469	0.612469	1.4304e-05	0.078125	0.0815618	0.407809	0.407809	0.0266093	0.0494557	0.247279	0	0.00978348	0.674522	0	0.224841	0.0916921	1	0	1	0.4375	0.078125	0	0.0513393	0.000747369	1	
0	0.962618	0.0373824	0	0.0625	0.03125	0.577324	0.585324	0.585324	6.4e-05	0.03125	0.481309	0.962618	0.962618	0.231658	0.27402	0.548041	0	0.0750872	0.534497	0	0.178166	0.171505	0	0	1	0.4375	0.03125	0	0.0133929	0.000239158	0	
0	0.962618	0.0373824	0	0.0625	0.03125	0.577324	0.585324	0.585324	6.4e-05	0.03125	0.481309	0.962618	0.962618	0.231658	0.27402	0.548041	0	0.0750872	0.518134	0.172711	0	0.166255	0	0	1	0.4375	0.03125	0	0.0133929	0.000239158	0	
0	0.629573	0.370427	0	0.125	0.0625	0.586233	0.606932	0.606932	0.000295825	0.0625	0.157393	0.629573	0.629573	0.074318	0.0903527	0.361411	0	0.0244908	0.598247	0.199416	0	0.125547	0	0	1	0.4375	0.0625	0	0.0223214	0.000757334	0	
0	0.629573	0.370427	0	0.0625	0.03125	0.590495	0.606932	0.606932	0.000270197	0.03125	0.314787	0.629573	0.629573	0.0990907	0.180705	0.361411	0	0.0326545	0.611343	0.203781	0	0.128295	0	0	1	0.4375	0.03125	0	0.0111607	0.000189334	0	
0	0.629573	0.370427	0	0.09375	0.046875	0.579333	0.598857	0.598857	0.000204007	0.046875	0.209858	0.629573	0.629573	0.0880806	0.12047	0.361411	0	0.0290262	0.579663	0.193221	0	0.121647	0	0	1	0.4375	0.046875	0	0.015625	0.000418527	0	
0	0.407809	0.592191	0	0.0625	0.03125	0.650764	0.715286	0.715286	0.00416298	0.03125	0.203905	0.407809	0.407809	0.0415771	0.119538	0.239075	0	0.0142893	0.426093	0	0.142031	0.0579215	0	0	0	0.4375	0.03125	0	0.0133929	0.000169404	0	
0	0.407809	0.592191	0	0.15625	0.078125	0.610928	0.715286	0.715286	0.00296487	0.078125	0.0815618	0.407809	0.407809	0.0266093	0.0478151	0.239075	0	0.00914512	0.56169	0	0.18723	0.0763541	0	0	0	0.4375	0.078125	0	0.0424107	0.00109614	0	
1	0.905091	0.0949089	0	0.21875	0.109375	0.632482	0.68149	0.68149	0.00138665	0.109375	0.129299	0.503231	0.503231	0.0425294	0.0750347	0.293666	0	0.0143509	0.46142	0	0.153807	0.139209	0	0	1	0.6875	0.109375	0	0.03125	0.00195312	0	
1	0.59814	0.40186	0	0.09375	0.046875	0.576718	0.58356	0.58356	2.6074e-05	0.046875	0.19938	0.503231	0.503231	0.0476639	0.115962	0.293666	0	0.0162792	0.408156	0.136052	0	0.0813782	0	0	1	0.6875	0.046875	0	0.0170455	0.000508458	1	
2	0.536043	0.463957	0	0.09375	0.046875	0.604411	0.607443	0.607443	1.54642e-05	0.046875	0.178681	0.357546	0.357546	0.0159964	0.1075	0.214119	0.0541677	0.00568381	0.546214	0	0.182071	0.0975981	0	0	0	0.5625	0.046875	0	0.0225694	0.000440056	1	
2	0.731702	0.268298	0	0.09375	0.046875	0.596144	0.607443	0.607443	0.000243962	0.046875	0.243901	0.553205	0.553205	0.0478347	0.141984	0.317571	0.0541677	0.0154154	0.611343	0.203781	0	0.149107	0	0	1	0.5625	0.046875	0	0.0208333	0.000379774	0	
2	0.910752	0.0892484	0	0.0625	0.03125	0.650764	0.715286	0.715286	0.00416298	0.03125	0.455376	0.910752	0.910752	0.207367	0.266961	0.533922	0	0.0712682	0.426093	0	0.142031	0.129355	0	0	0	0.5625	0.03125	0	0.0104167	0.00016276	0	
2	0.910752	0.0892484	0	0.125	0.0625	0.610542	0.715286	0.715286	0.00370534	0.0625	0.227688	0.910752	0.910752	0.155525	0.133481	0.533922	0	0.0534511	0.56169	0	0.18723	0.17052	0	0	1	0.5625	0.0625	0	0.0260417	0.000705295	0	
3	0.577739	0.422261	0	0.0625	0.03125	0.577324	0.585324	0.585324	6.4e-05	0.03125	0.288869	0.577739	0.577739	0.0834455	0.16446	0.32892	0	0.0270471	0.534497	0	0.178166	0.102933	0	0	0	0.625	0.03125	0	0.009375	0.000205078	0	
3	0.577739	0.422261	0	0.0625	0.03125	0.577324	0.585324	0.585324	6.4e-05	0.03125	0.288869	0.577739	0.577739	0.0834455	0.16446	0.32892	0	0.0270471	0.518134	0.172711	0	0.0997819	0	0	0	0.625	0.03125	0	0.009375	0.000205078	0	
3	0.242049	0.757951	0	0.09375	0.046875	0.596144	0.607443	0.607443	0.000243962	0.046875	0.080683	0.080683	0.080683	0	0.0480987	0.0490103	0.0463166	1.58813e-06	0.611343	0.203781	0	0.049325	0	0	1	0.625	0.046875	0	0.021875	0.000351562	0	
3	0.341578	0.658422	0	0.0625	0.03125	0.650764	0.715286	0.715286	0.00416298	0.03125	0.170789	0.341578	0.341578	0.029169	0.100124	0.200248	0	0.0100248	0.426093	0	0.142031	0.0485147	0	0	0	0.625	0.03125	0	0.009375	0.00015625	1	
3	0.341578	0.658422	0	0.125	0.0625	0.610542	0.715286	0.715286	0.00370534	0.0625	0.0853946	0.341578	0.341578	0.0218767	0.050062	0.200248	0	0.00751862	0.56169	0	0.18723	0.0639537	0	0	1	0.625	0.0625	0	0.0234375	0.000695801	0	
4	0.825803	0.174197	0	0.09375	0.046875	0.562855	0.566845	0.566845	7.97173e-06	0.046875	0.275268	0.825803	0.825803	0.151545	0.154352	0.463056	0	0.0476491	0.50885	0.169617	0	0.14007	0	0	1	0.4375	0.046875	0	0.0245536	0.000478316	0	
4	0.757956	0.242044	0	0.0625	0.03125	0.569571	0.574057	0.574057	2.01213e-05	0.03125	0.378978	0.757956	0.757956	0.143624	0.217555	0.43511	0	0.0473301	0.598247	0.199416	0	0.151148	0	0	1	0.4375	0.03125	0	0.00892857	0.000199298	1	
4	0.825803	0.174197	0	0.09375	0.046875	0.560551	0.560985	0.560985	2.00144e-07	0.046875	0.275268	0.825803	0.825803	0.151545	0.154352	0.463056	0	0.0476491	0.559509	0	0.186503	0.154015	0	0	1	0.4375	0.046875	0	0.0245536	0.000478316	0	
4	0.757956	0.242044	0	0.03125	0.015625	0.574057	0.574057	0.574057	0	0.015625	0.757956	0.757956	0.757956	0	0.43511	0.43511	0.43511	0	0.611343	0.203781	0	0.154457	0	0	1	0.4375	0.015625	0	0.00446429	4.98246e-05	1	
4	0.757956	0.242044	0	0.0625	0.03125	0.569571	0.574057	0.574057	2.01213e-05	0.03125	0.378978	0.757956	0.757956	0.143624	0.217555	0.43511	0	0.0473301	0.579663	0.193221	0	0.146453	0	0	1	0.4375	0.03125	0	0.00892857	0.000199298	1	
4	0.416241	0.583759	0	0.21875	0.109375	0.667078	0.747252	0.747252	0.00131157	0.109375	0.059463	0.416241	0.416241	0.0212151	0.0374783	0.262348	0	0.00842774	0.33726	0	0.11242	0.0467939	0	0	0	0.4375	0.109375	0	0.0513393	0.00200295	0	
4	0.416241	0.583759	0	0.34375	0.171875	0.654961	0.747252	0.747252	0.00109772	0.171875	0.0378401	0.416241	0.416241	0.0143187	0.0238498	0.262348	0	0.00568814	0.388523	0	0.129508	0.0539065	0	0	0	0.4375	0.171875	0	0.0892857	0.00444436	0	
4	0.416241	0.583759	0	0.0625	0.03125	0.635542	0.640805	0.640805	2.76986e-05	0.03125	0.208121	0.416241	0.416241	0.0433142	0.131174	0.262348	0	0.0172066	0.424427	0.141476	0	0.058888	0	0	0	0.4375	0.03125	0	0.015625	0.000209263	0	
4	0.416241	0.583759	0	0.03125	0.015625	0.630279	0.630279	0.630279	0	0.015625	0.416241	0.416241	0.416241	0	0.262348	0.262348	0.262348	0	0.434922	0.144974	0	0.0603442	0	0	0	0.4375	0.015625	0	0.00669643	5.97895e-05	0	
5	0.888411	0.111589	0	0.125	0.0625	0.622912	0.73011	0.73011	0.00400818	0.0625	0.222103	0.888411	0.888411	0.147989	0.126448	0.505793	0	0.0479676	0.534497	0	0.178166	0.158284	0	0	0	0.5625	0.0625	0	0.0225694	0.00081983	0	
5	0.888411	0.111589	0	0.125	0.0625	0.622912	0.73011	0.73011	0.00400818	0.0625	0.222103	0.888411	0.888411	0.147989	0.126448	0.505793	0	0.0479676	0.518134	0.172711	0	0.153439	0	0	0	0.5625	0.0625	0	0.0225694	0.00081983	0	
5	0.111589	0.888411	0	0.3125	0.15625	0.662579	0.747252	0.747252	0.00136822	0.15625	0.0111589	0.111589	0.111589	0.00112069	0.00690931	0.0690931	0	0.000429647	0.33726	0	0.11242	0.0125449	0	0	0	0.5625	0.15625	0	0.0572917	0.0039605	0	
5	0.111589	0.888411	0	0.125	0.0625	0.656452	0.747252	0.747252	0.0028424	0.0625	0.0278973	0.111589	0.111589	0.00233477	0.0172733	0.0690931	0	0.000895098	0.309817	0.103272	0	0.0115241	0	0	0	0.5625	0.0625	0	0.0208333	0.000868056	0	
5	0.344168	0.655832	0	0.46875	0.234375	0.653352	0.747252	0.747252	0.00108866	0.234375	0.0229445	0.232579	0.232579	0.00390989	0.0144089	0.147041	0	0.00155204	0.388523	0	0.129508	0.0445724	0	0	0	0.5625	0.234375	0	0.09375	0.00878906	1	
5	0.767421	0.232579	0	0.125	0.0625	0.600034	0.639464	0.639464	0.000610303	0.0625	0.191855	0.767421	0.767421	0.110425	0.111959	0.447837	0	0.0376045	0.408156	0.136052	0	0.104409	0	0	1	0.5625	0.0625	0	0.0295139	0.000892168	0	
5	0.111589	0.888411	0	0.09375	0.046875	0.630086	0.640805	0.640805	7.79963e-05	0.046875	0.0371963	0.111589	0.111589	0.00276714	0.023031	0.0690931	0	0.00106086	0.424427	0.141476	0	0.0157871	0	0	0	0.5625	0.046875	0	0.0173611	0.00045814	0	
6	0.725829	0.274171	0	0.125	0.0625	0.586233	0.606932	0.606932	0.000295825	0.0625	0.181457	0.725829	0.725829	0.0987802	0.104167	0.416667	0	0.0325522	0.598247	0.199416	0	0.144742	0	0	1	0.625	0.0625	0	0.015625	0.000634766	1	
6	0.905091	0.0949089	0	0.21875	0.109375	0.632482	0.68149	0.68149	0.00138665	0.109375	0.129299	0.905091	0.905091	0.100309	0.0754536	0.528175	0	0.0341595	0.46142	0	0.153807	0.139209	0	0	1	0.625	0.109375	0	0.0359375	0.00195557	0	
7	0.731702	0.268298	0	0.09375	0.046875	0.581839	0.606932	0.606932	0.00032998	0.046875	0.243901	0.731702	0.731702	0.118975	0.140013	0.420039	0	0.0392072	0.611343	0.203781	0	0.149107	0	0	1	0.6875	0.046875	0	0.0127841	0.000347043	1	
7	0.905091	0.0949089	0	0.21875	0.109375	0.632482	0.68149	0.68149	0.00138665	0.109375	0.129299	0.905091	0.905091	0.100309	0.0754536	0.528175	0	0.0341595	0.46142	0	0.153807	0.139209	0	0	1	0.6875	0.109375	0	0.0326705	0.00188452	0	
8	0.717039	0.282961	0	0.125	0.0625	0.575632	0.598857	0.598857	0.00019411	0.0625	0.17926	0.717039	0.717039	0.0964022	0.102905	0.411621	0	0.0317685	0.579663	0.193221	0	0.138547	0	0	1	0.6875	0.0625	0	0.0198864	0.000625484	1	
8	0.905091	0.0949089	0	0.21875	0.109375	0.632482	0.68149	0.68149	0.00138665	0.109375	0.129299	0.905091	0.905091	0.100309	0.0754536	0.528175	0	0.0341595	0.46142	0	0.153807	0.139209	0	0	1	0.6875	0.109375	0	0.0326705	0.00188452	0	
9	0.905091	0.0949089	0	0.21875	0.109375	0.632482	0.68149	0.68149	0.00138665	0.109375	0.129299	0.905091	0.905091	0.100309	0.0754536	0.528175	0	0.0341595	0.46142	0	0.153807	0.139209	0	0	1	0.625	0.109375	0	0.03125	0.00205078	1	
10	0.922034	0.0779663	0	0.15625	0.078125	0.610928	0.715286	0.715286	0.00296487	0.078125	0.184407	0.922034	0.922034	0.136023	0.10453	0.52265	0	0.0437061	0.56169	0	0.18723	0.172632	0	0	1	0.6875	0.078125	0	0.0170455	0.000863572	1	
11	0.92173	0.0782702	0	0.1875	0.09375	0.583278	0.606359	0.606359	0.000423323	0.09375	0.153622	0.92173	0.92173	0.117998	0.0870796	0.522478	0	0.0379143	0.50885	0.169617	0	0.156341	0	0	1	0.625	0.09375	0	0.0296875	0.00134033	1	
11	0.92173	0.0782702	0	0.21875	0.109375	0.579922	0.606609	0.606609	0.000526259	0.109375	0.131676	0.92173	0.92173	0.104031	0.0798253	0.558777	0	0.0382324	0.559509	0	0.186503	0.171905	0	0	1	0.625	0.109375	0	0.0328125	0.00192627	1	
