QID	cand_solfracs	cand_slack	dual_coil	coil_cons_degree	coil_obj_count	coil_obj_mean	coil_obj_max	coil_obj_min	coil_obj_variance	coil_y_count	coil_y_mean	coil_y_max	coil_y_min	coil_y_variance	coil_product_mean	coil_product_max	coil_product_min	coil_product_variance	coil_weight	coil_weight_C512	coil_weight_C008	coil_weight_RH	coil_num_SR	coil_constraint_bc	coil_in_up	coil_cons_bind_count	coil_cons_bind_max	coil_cons_bind_min	coil_cons_bind_mean	coil_cons_bind_variance	coil_label	
0	0.880868	0.119132	0	0.25	0.125	0.641751	0.739635	0.739635	0.00246804	0.125	0.110108	0.880868	0.880868	0.0848671	0.0673337	0.538669	0	0.0317368	0.638524	0.212841	0	0.187485	0	0	0	0.375	0.125	0	0.0729167	0.00257704	0	
0	0.283096	0.716904	0	0.0625	0.03125	0.586358	0.586358	0.586358	0	0.03125	0.141548	0.283096	0.283096	0.0200359	0.0829979	0.165996	0	0.00688865	0.734243	0.244748	0	0.0692871	0	0	1	0.375	0.03125	0	0.0104167	0.000217014	1	
0	0.283096	0.716904	0	0.09375	0.046875	0.640509	0.748812	0.748812	0.00586469	0.046875	0.0943654	0.283096	0.283096	0.0178097	0.0553319	0.165996	0	0.00612324	0.657487	0.219162	0	0.0620441	0	0	1	0.375	0.046875	0	0.0182292	0.000440809	1	
0	0.716904	0.283096	0	0.09375	0.046875	0.688895	0.742811	0.742811	0.00465197	0.046875	0.238968	0.716904	0.716904	0.114211	0.141629	0.424888	0	0.0401177	0.332506	0	0.110835	0.0794583	0	0	0	0.375	0.046875	0	0.0208333	0.000461155	0	
0	0.716904	0.283096	0	0.0625	0.03125	0.667741	0.742811	0.742811	0.0056355	0.03125	0.358452	0.716904	0.716904	0.128488	0.212444	0.424888	0	0.0451324	0.434104	0.144701	0	0.103737	0	0	0	0.375	0.03125	0	0.015625	0.000244141	0	
0	0.716904	0.283096	0	0.09375	0.046875	0.659626	0.731202	0.731202	0.00320918	0.046875	0.238968	0.716904	0.716904	0.114211	0.141629	0.424888	0	0.0401177	0.500308	0	0.166769	0.119557	0	0	0	0.375	0.046875	0	0.0208333	0.000461155	0	
1	0.295278	0.704722	0	0.09375	0.046875	0.688895	0.742811	0.742811	0.00465197	0.046875	0.098426	0.295278	0.295278	0.0193753	0.0583342	0.175003	0	0.00680576	0.332506	0	0.110835	0.0327272	0	0	0	0.4375	0.046875	0	0.0178571	0.000448422	0	
1	0.704722	0.295278	0	0.21875	0.109375	0.644314	0.742811	0.742811	0.00426969	0.109375	0.100675	0.633359	0.633359	0.0478983	0.0593188	0.368944	0	0.016233	0.337297	0	0.112432	0.0792335	0	0	0	0.4375	0.109375	0	0.0446429	0.00268056	0	
1	0.295278	0.704722	0	0.0625	0.03125	0.667741	0.742811	0.742811	0.0056355	0.03125	0.147639	0.295278	0.295278	0.0217973	0.0875013	0.175003	0	0.00765648	0.434104	0.144701	0	0.0427271	0	0	0	0.4375	0.03125	0	0.0133929	0.000239158	0	
1	0.633359	0.366641	0	0.1875	0.09375	0.627677	0.742811	0.742811	0.00345557	0.09375	0.10556	0.633359	0.633359	0.0557143	0.0614906	0.368944	0	0.0189055	0.32088	0.10696	0	0.0677441	0	0	1	0.4375	0.09375	0	0.0401786	0.00215242	0	
1	0.0713635	0.928636	0	0.15625	0.078125	0.627501	0.648619	0.648619	0.00059451	0.078125	0.0142727	0.0713635	0.0713635	0.00081484	0.00925754	0.0462877	0	0.000342808	0.330611	0	0.110204	0.00786452	0	0	1	0.4375	0.078125	0	0.0334821	0.00149474	0	
1	0.0713635	0.928636	0	0.15625	0.078125	0.627501	0.648619	0.648619	0.00059451	0.078125	0.0142727	0.0713635	0.0713635	0.00081484	0.00925754	0.0462877	0	0.000342808	0.373423	0.124474	0	0.00888293	0	0	1	0.4375	0.078125	0	0.0334821	0.00149474	0	
1	0.295278	0.704722	0	0.09375	0.046875	0.659626	0.731202	0.731202	0.00320918	0.046875	0.098426	0.295278	0.295278	0.0193753	0.0583342	0.175003	0	0.00680576	0.500308	0	0.166769	0.0492433	0	0	0	0.4375	0.046875	0	0.0178571	0.000448422	0	
1	0.633359	0.366641	0	0.03125	0.015625	0.582519	0.582519	0.582519	0	0.015625	0.633359	0.633359	0.633359	0	0.368944	0.368944	0.368944	0	0.43981	0.146603	0	0.0928525	0	0	0	0.4375	0.015625	0	0.00669643	5.97895e-05	1	
1	0.0713635	0.928636	0	0.15625	0.078125	0.627501	0.648619	0.648619	0.00059451	0.078125	0.0142727	0.0713635	0.0713635	0.00081484	0.00925754	0.0462877	0	0.000342808	0.406997	0	0.135666	0.00968158	0	0	1	0.4375	0.078125	0	0.0334821	0.00149474	0	
1	0.704722	0.295278	0	0.15625	0.078125	0.644121	0.731202	0.731202	0.00238668	0.078125	0.140944	0.633359	0.633359	0.0613818	0.0830463	0.368944	0	0.0207557	0.318255	0	0.106085	0.0747605	0	0	1	0.4375	0.078125	0	0.03125	0.00132533	0	
2	0.38968	0.61032	0	0.09375	0.046875	0.613128	0.633847	0.633847	0.000484669	0.046875	0.129893	0.38968	0.38968	0.0337445	0.0809097	0.242729	0	0.0130928	0.405678	0.135226	0	0.0526948	0	0	0	0.5	0.046875	0	0.0214844	0.000484467	1	
2	0.0584317	0.941568	0	0.125	0.0625	0.618396	0.682449	0.682449	0.0019144	0.0625	0.0146079	0.0584317	0.0584317	0.000640174	0.00926281	0.0370513	0	0.000257399	0.354307	0.118102	0	0.00690092	0	0	0	0.5	0.0625	0	0.0292969	0.000637054	0	
2	0.61032	0.38968	0	0.21875	0.109375	0.637195	0.739635	0.739635	0.00309474	0.109375	0.0871886	0.61032	0.61032	0.0456111	0.0533177	0.373224	0	0.0170567	0.531712	0	0.177237	0.108172	1	0	1	0.5	0.109375	0	0.0449219	0.00197983	0	
2	0.0584317	0.941568	0	0.03125	0.015625	0.634095	0.634095	0.634095	0	0.015625	0.0584317	0.0584317	0.0584317	0	0.0370513	0.0370513	0.0370513	0	0.343882	0	0.114627	0.00669786	0	0	0	0.5	0.015625	0	0.00585938	5.72205e-05	0	
2	0.0584317	0.941568	0	0.0625	0.03125	0.658272	0.682449	0.682449	0.000584533	0.03125	0.0292159	0.0584317	0.0584317	0.000853566	0.0185256	0.0370513	0	0.000343199	0.396357	0.132119	0	0.00771993	0	0	0	0.5	0.03125	0	0.00976562	0.000179291	0	
2	0.0584317	0.941568	0	0.0625	0.03125	0.658272	0.682449	0.682449	0.000584533	0.03125	0.0292159	0.0584317	0.0584317	0.000853566	0.0185256	0.0370513	0	0.000343199	0.315756	0.105252	0	0.00615006	0	0	0	0.5	0.03125	0	0.00976562	0.000179291	0	
2	0.941568	0.0584317	0	0.09375	0.046875	0.688895	0.742811	0.742811	0.00465197	0.046875	0.313856	0.941568	0.941568	0.197011	0.186013	0.55804	0	0.0692019	0.332506	0	0.110835	0.104359	0	0	0	0.5	0.046875	0	0.0214844	0.000362396	0	
2	0.941568	0.0584317	0	0.0625	0.03125	0.667741	0.742811	0.742811	0.0056355	0.03125	0.470784	0.941568	0.941568	0.221638	0.27902	0.55804	0	0.0778522	0.434104	0.144701	0	0.136246	0	0	0	0.5	0.03125	0	0.015625	0.000183105	0	
2	0.941568	0.0584317	0	0.09375	0.046875	0.659626	0.731202	0.731202	0.00320918	0.046875	0.313856	0.941568	0.941568	0.197011	0.186013	0.55804	0	0.0692019	0.500308	0	0.166769	0.157025	0	0	0	0.5	0.046875	0	0.0175781	0.000392914	0	
3	0.6808	0.3192	0	0.03125	0.015625	0.565395	0.565395	0.565395	0	0.015625	0.6808	0.6808	0.6808	0	0.384921	0.384921	0.384921	0	0.388693	0.129564	0	0.0882074	0	0	1	0.5625	0.015625	0	0.00520833	5.42535e-05	1	
3	0.317532	0.682468	0	0.21875	0.109375	0.627237	0.648619	0.648619	0.000429608	0.109375	0.0453618	0.317532	0.317532	0.0123461	0.028237	0.197659	0	0.00478398	0.330611	0	0.110204	0.0349932	0	0	1	0.5625	0.109375	0	0.0538194	0.00212191	1	
4	0.236557	0.763443	0	0.25	0.125	0.641751	0.739635	0.739635	0.00246804	0.125	0.0295696	0.236557	0.236557	0.00612055	0.0180825	0.14466	0	0.00228883	0.638524	0.212841	0	0.0503492	0	0	0	0.375	0.125	0	0.0729167	0.00257704	1	
4	0.763443	0.236557	0	0.15625	0.078125	0.642797	0.748812	0.748812	0.00313685	0.078125	0.152689	0.763443	0.763443	0.0932552	0.0932781	0.466391	0	0.0348033	0.492067	0	0.164022	0.125222	1	0	1	0.375	0.078125	0	0.0364583	0.00103082	0	
4	0.802195	0.197805	0	0.09375	0.046875	0.688895	0.742811	0.742811	0.00465197	0.046875	0.267398	0.802195	0.802195	0.143004	0.158479	0.475438	0	0.0502313	0.332506	0	0.110835	0.0889116	0	0	0	0.375	0.046875	0	0.0208333	0.000461155	0	
4	0.802195	0.197805	0	0.0625	0.03125	0.667741	0.742811	0.742811	0.0056355	0.03125	0.401098	0.802195	0.802195	0.160879	0.237719	0.475438	0	0.0565103	0.434104	0.144701	0	0.116079	0	0	0	0.375	0.03125	0	0.015625	0.000244141	0	
4	0.197805	0.802195	0	0.15625	0.078125	0.636708	0.742811	0.742811	0.00365728	0.078125	0.0395609	0.197805	0.197805	0.00626027	0.0251482	0.125741	0	0.00252973	0.32088	0.10696	0	0.0211572	0	0	1	0.375	0.078125	0	0.0390625	0.00152588	0	
4	0.197805	0.802195	0	0.15625	0.078125	0.627501	0.648619	0.648619	0.00059451	0.078125	0.0395609	0.197805	0.197805	0.00626027	0.0251482	0.125741	0	0.00252973	0.330611	0	0.110204	0.0217988	0	0	1	0.375	0.078125	0	0.0390625	0.00152588	0	
4	0.197805	0.802195	0	0.15625	0.078125	0.627501	0.648619	0.648619	0.00059451	0.078125	0.0395609	0.197805	0.197805	0.00626027	0.0251482	0.125741	0	0.00252973	0.373423	0.124474	0	0.0246216	0	0	0	0.375	0.078125	0	0.0390625	0.00152588	0	
4	0.802195	0.197805	0	0.09375	0.046875	0.659626	0.731202	0.731202	0.00320918	0.046875	0.267398	0.802195	0.802195	0.143004	0.158479	0.475438	0	0.0502313	0.500308	0	0.166769	0.133781	0	0	0	0.375	0.046875	0	0.0208333	0.000461155	0	
4	0.197805	0.802195	0	0.15625	0.078125	0.627501	0.648619	0.648619	0.00059451	0.078125	0.0395609	0.197805	0.197805	0.00626027	0.0251482	0.125741	0	0.00252973	0.406997	0	0.135666	0.0268353	0	0	0	0.375	0.078125	0	0.0390625	0.00152588	0	
4	0.197805	0.802195	0	0.125	0.0625	0.659521	0.731202	0.731202	0.0017975	0.0625	0.0494512	0.197805	0.197805	0.00733625	0.0314353	0.125741	0	0.00296453	0.318255	0	0.106085	0.0209841	0	0	1	0.375	0.0625	0	0.0286458	0.000847711	0	
5	0.620481	0.379519	0	0.15625	0.078125	0.642797	0.748812	0.748812	0.00313685	0.078125	0.124096	0.620481	0.620481	0.0615995	0.0758109	0.379055	0	0.0229892	0.492067	0	0.164022	0.101773	1	0	1	0.4375	0.078125	0	0.0357143	0.0011659	1	
5	0.792603	0.207397	0	0.09375	0.046875	0.622601	0.739635	0.739635	0.00684963	0.046875	0.264201	0.792603	0.792603	0.139604	0.149378	0.448133	0	0.0446274	0.594475	0	0.198158	0.157061	0	0	1	0.4375	0.046875	0	0.0200893	0.000538106	0	
5	0.792603	0.207397	0	0.03125	0.015625	0.565395	0.565395	0.565395	0	0.015625	0.792603	0.792603	0.792603	0	0.448133	0.448133	0.448133	0	0.388693	0.129564	0	0.102693	0	0	1	0.4375	0.015625	0	0.00669643	5.97895e-05	0	
5	0.207397	0.792603	0	0.15625	0.078125	0.627501	0.648619	0.648619	0.00059451	0.078125	0.0414795	0.207397	0.207397	0.00688219	0.0241665	0.120833	0	0.00233608	0.373423	0.124474	0	0.0258157	0	0	0	0.4375	0.078125	0	0.0446429	0.00149474	0	
5	0.792603	0.207397	0	0.09375	0.046875	0.608099	0.696128	0.696128	0.00387573	0.046875	0.264201	0.792603	0.792603	0.139604	0.149378	0.448133	0	0.0446274	0.582957	0.194319	0	0.154018	0	0	1	0.4375	0.046875	0	0.0200893	0.000538106	0	
5	0.207397	0.792603	0	0.1875	0.09375	0.628029	0.648619	0.648619	0.000496819	0.09375	0.0345662	0.207397	0.207397	0.00597412	0.0201388	0.120833	0	0.00202785	0.406997	0	0.135666	0.0281367	0	0	0	0.4375	0.09375	0	0.0558036	0.00194316	0	
6	0.230809	0.769191	0	0.15625	0.078125	0.711186	0.821178	0.821178	0.00588079	0.078125	0.0461619	0.13097	0.13097	0.00329328	0.0288644	0.0776218	0	0.00126166	0.332506	0	0.110835	0.0255818	0	0	0	0.4375	0.078125	0	0.0334821	0.00121572	0	
6	0.769191	0.230809	0	0.09375	0.046875	0.622601	0.739635	0.739635	0.00684963	0.046875	0.256397	0.769191	0.769191	0.131479	0.144965	0.434896	0	0.0420299	0.594475	0	0.198158	0.152421	0	0	1	0.4375	0.046875	0	0.0223214	0.000478316	1	
6	0.769191	0.230809	0	0.03125	0.015625	0.565395	0.565395	0.565395	0	0.015625	0.769191	0.769191	0.769191	0	0.434896	0.434896	0.434896	0	0.388693	0.129564	0	0.0996597	0	0	1	0.4375	0.015625	0	0.00669643	5.97895e-05	1	
6	0.230809	0.769191	0	0.09375	0.046875	0.66785	0.742811	0.742811	0.00375702	0.046875	0.0769365	0.13097	0.13097	0.00312112	0.0481073	0.0776218	0	0.00117704	0.434104	0.144701	0	0.0333984	0	0	0	0.4375	0.046875	0	0.0200893	0.000538106	0	
6	0.230809	0.769191	0	0.15625	0.078125	0.693625	0.821178	0.821178	0.00600365	0.078125	0.0461619	0.13097	0.13097	0.00329328	0.0288644	0.0776218	0	0.00126166	0.500308	0	0.166769	0.0384919	0	0	0	0.4375	0.078125	0	0.0334821	0.00121572	1	
6	0.769191	0.230809	0	0.09375	0.046875	0.608099	0.696128	0.696128	0.00387573	0.046875	0.256397	0.769191	0.769191	0.131479	0.144965	0.434896	0	0.0420299	0.582957	0.194319	0	0.149468	0	0	1	0.4375	0.046875	0	0.0200893	0.000538106	1	
6	0.0998398	0.90016	0	0.125	0.0625	0.710095	0.821178	0.821178	0.00433391	0.0625	0.0249599	0.0998398	0.0998398	0.001869	0.016675	0.0666999	0	0.000834165	0.50049	0	0.16683	0.0166563	0	0	0	0.4375	0.0625	0	0.0290179	0.000866948	1	
7	0.485244	0.514756	0	0.21875	0.109375	0.637195	0.739635	0.739635	0.00309474	0.109375	0.0693206	0.485244	0.485244	0.028832	0.0423482	0.296438	0	0.0107602	0.531712	0	0.177237	0.0860033	1	0	1	0.6875	0.109375	0	0.0440341	0.00154555	1	
7	0.485244	0.514756	0	0.15625	0.078125	0.642797	0.748812	0.748812	0.00313685	0.078125	0.0970488	0.485244	0.485244	0.0376739	0.0592875	0.296438	0	0.0140601	0.492067	0	0.164022	0.0795909	0	0	1	0.6875	0.078125	0	0.0255682	0.000944279	0	
7	0.514756	0.485244	0	0.09375	0.046875	0.688895	0.742811	0.742811	0.00465197	0.046875	0.171585	0.514756	0.514756	0.0588831	0.101694	0.305081	0	0.0206832	0.332506	0	0.110835	0.0570532	0	0	0	0.6875	0.046875	0	0.0142045	0.000330901	0	
7	0.514756	0.485244	0	0.0625	0.03125	0.667741	0.742811	0.742811	0.0056355	0.03125	0.257378	0.514756	0.514756	0.0662434	0.15254	0.305081	0	0.0232686	0.434104	0.144701	0	0.0744858	0	0	0	0.6875	0.03125	0	0.00994318	0.000189663	0	
7	0.614863	0.385137	0	0.28125	0.140625	0.629752	0.648619	0.648619	0.000367911	0.140625	0.0683181	0.614863	0.614863	0.0373389	0.042527	0.382743	0	0.0144684	0.330611	0	0.110204	0.0677602	0	0	1	0.6875	0.140625	0	0.0582386	0.00351078	0	
7	0.514756	0.485244	0	0.09375	0.046875	0.659626	0.731202	0.731202	0.00320918	0.046875	0.171585	0.514756	0.514756	0.0588831	0.101694	0.305081	0	0.0206832	0.500308	0	0.166769	0.0858455	0	0	0	0.6875	0.046875	0	0.0127841	0.000347043	0	
8	0.365807	0.634193	0	0.125	0.0625	0.618396	0.682449	0.682449	0.0019144	0.0625	0.0914516	0.365807	0.365807	0.0250902	0.057989	0.231956	0	0.0100882	0.354307	0.118102	0	0.0432026	0	0	0	0.4375	0.0625	0	0.0290179	0.000727439	0	
8	0.365807	0.634193	0	0.03125	0.015625	0.634095	0.634095	0.634095	0	0.015625	0.365807	0.365807	0.365807	0	0.231956	0.231956	0.231956	0	0.343882	0	0.114627	0.0419314	0	0	0	0.4375	0.015625	0	0.00669643	5.97895e-05	0	
8	0.365807	0.634193	0	0.0625	0.03125	0.658272	0.682449	0.682449	0.000584533	0.03125	0.182903	0.365807	0.365807	0.0334536	0.115978	0.231956	0	0.0134509	0.396357	0.132119	0	0.04833	0	0	0	0.4375	0.03125	0	0.0111607	0.000189334	1	
8	0.365807	0.634193	0	0.0625	0.03125	0.658272	0.682449	0.682449	0.000584533	0.03125	0.182903	0.365807	0.365807	0.0334536	0.115978	0.231956	0	0.0134509	0.315756	0.105252	0	0.0385019	0	0	0	0.4375	0.03125	0	0.0111607	0.000189334	0	
8	0.0364123	0.963588	0	0.09375	0.046875	0.688895	0.742811	0.742811	0.00465197	0.046875	0.0121374	0.0364123	0.0364123	0.000294635	0.0071935	0.0215805	0	0.000103493	0.332506	0	0.110835	0.00403577	0	0	0	0.4375	0.046875	0	0.0200893	0.000398597	0	
8	0.0364123	0.963588	0	0.0625	0.03125	0.667741	0.742811	0.742811	0.0056355	0.03125	0.0182062	0.0364123	0.0364123	0.000331464	0.0107903	0.0215805	0	0.00011643	0.434104	0.144701	0	0.00526891	0	0	0	0.4375	0.03125	0	0.015625	0.000209263	0	
8	0.597781	0.402219	0	0.25	0.125	0.63066	0.648619	0.648619	0.000406474	0.125	0.0747226	0.597781	0.597781	0.0390843	0.0435344	0.348276	0	0.0132667	0.330611	0	0.110204	0.0658777	0	0	1	0.4375	0.125	0	0.0669643	0.00284	0	
8	0.597781	0.402219	0	0.25	0.125	0.63066	0.648619	0.648619	0.000406474	0.125	0.0747226	0.597781	0.597781	0.0390843	0.0435344	0.348276	0	0.0132667	0.373423	0.124474	0	0.0744084	0	0	0	0.4375	0.125	0	0.0669643	0.00284	0	
8	0.0364123	0.963588	0	0.09375	0.046875	0.659626	0.731202	0.731202	0.00320918	0.046875	0.0121374	0.0364123	0.0364123	0.000294635	0.0071935	0.0215805	0	0.000103493	0.500308	0	0.166769	0.00607245	0	0	0	0.4375	0.046875	0	0.0178571	0.000448422	0	
8	0.597781	0.402219	0	0.1875	0.09375	0.627888	0.648619	0.648619	0.000496177	0.09375	0.0996302	0.597781	0.597781	0.0496309	0.0580459	0.348276	0	0.0168466	0.406997	0	0.135666	0.0810984	0	0	0	0.4375	0.09375	0	0.046875	0.00174386	0	
9	0.230749	0.769251	0	0.15625	0.078125	0.704258	0.742811	0.742811	0.0031513	0.078125	0.0461498	0.104629	0.104629	0.00112007	0.0307804	0.0620108	0	0.000384582	0.332506	0	0.110835	0.0255751	0	0	0	0.6875	0.078125	0	0.0298295	0.00095235	0	
9	0.853331	0.146669	0	0.09375	0.046875	0.622601	0.739635	0.739635	0.00684963	0.046875	0.284444	0.853331	0.853331	0.161816	0.160823	0.482469	0	0.051728	0.594475	0	0.198158	0.169094	0	0	1	0.6875	0.046875	0	0.0142045	0.00041968	1	
9	0.853331	0.146669	0	0.03125	0.015625	0.565395	0.565395	0.565395	0	0.015625	0.853331	0.853331	0.853331	0	0.482469	0.482469	0.482469	0	0.388693	0.129564	0	0.110561	0	0	1	0.6875	0.015625	0	0.00426136	4.84246e-05	1	
9	0.104629	0.895371	0	0.0625	0.03125	0.667741	0.742811	0.742811	0.0056355	0.03125	0.0523147	0.104629	0.104629	0.00273683	0.0310054	0.0620108	0	0.000961335	0.434104	0.144701	0	0.01514	0	0	0	0.6875	0.03125	0	0.00994318	0.000189663	0	
9	0.91592	0.0840797	0	0.125	0.0625	0.620592	0.742811	0.742811	0.00501379	0.0625	0.22898	0.91592	0.91592	0.157296	0.133385	0.533541	0	0.0533749	0.32088	0.10696	0	0.0979669	0	0	1	0.6875	0.0625	0	0.0255682	0.000811112	0	
9	0.230749	0.769251	0	0.125	0.0625	0.694619	0.731202	0.731202	0.00347465	0.0625	0.0576872	0.104629	0.104629	0.000734523	0.0384754	0.0620108	0.0304117	0.000184656	0.500308	0	0.166769	0.0384818	0	0	0	0.6875	0.0625	0	0.0241477	0.000593201	1	
9	0.853331	0.146669	0	0.0625	0.03125	0.564084	0.565395	0.565395	1.71673e-06	0.03125	0.426665	0.853331	0.853331	0.182043	0.241234	0.482469	0	0.058194	0.582957	0.194319	0	0.165818	0	0	1	0.6875	0.03125	0	0.00852273	0.000193698	1	
10	0.517203	0.482797	0	0.09375	0.046875	0.688895	0.742811	0.742811	0.00465197	0.046875	0.172401	0.517203	0.517203	0.0594442	0.102177	0.306531	0	0.0208803	0.332506	0	0.110835	0.0573244	0	0	0	0.4375	0.046875	0	0.0200893	0.000398597	0	
10	0.77669	0.22331	0	0.25	0.125	0.644487	0.742811	0.742811	0.00373619	0.125	0.0970863	0.77669	0.77669	0.0659802	0.0565546	0.452437	0	0.022389	0.337297	0	0.112432	0.0873251	0	0	1	0.4375	0.125	0	0.0669643	0.00270049	0	
10	0.482797	0.517203	0	0.09375	0.046875	0.660924	0.696128	0.696128	0.000710682	0.046875	0.160932	0.482797	0.482797	0.0517984	0.101651	0.304953	0	0.0206659	0.403962	0.134654	0	0.0650106	0	0	0	0.4375	0.046875	0	0.0200893	0.000538106	1	
10	0.517203	0.482797	0	0.09375	0.046875	0.659626	0.731202	0.731202	0.00320918	0.046875	0.172401	0.517203	0.517203	0.0594442	0.102177	0.306531	0	0.0208803	0.500308	0	0.166769	0.0862535	0	0	0	0.4375	0.046875	0	0.0178571	0.000448422	0	
10	0.482797	0.517203	0	0.09375	0.046875	0.660924	0.696128	0.696128	0.000710682	0.046875	0.160932	0.482797	0.482797	0.0517984	0.101651	0.304953	0	0.0206659	0.50049	0	0.16683	0.0805451	0	0	0	0.4375	0.046875	0	0.0200893	0.000538106	0	
11	0.485507	0.514493	0	0.15625	0.078125	0.658925	0.739635	0.739635	0.00287153	0.078125	0.0971013	0.485507	0.485507	0.0377147	0.0593795	0.296898	0	0.0141037	0.638524	0.212841	0	0.103336	0	0	0	0.5625	0.078125	0	0.0329861	0.00121769	0	
11	0.514493	0.485507	0	0.15625	0.078125	0.642797	0.748812	0.748812	0.00313685	0.078125	0.102899	0.514493	0.514493	0.0423526	0.0628613	0.314306	0	0.0158062	0.492067	0	0.164022	0.0843885	1	0	1	0.5625	0.078125	0	0.0243056	0.000982591	1	
11	0.655532	0.344468	0	0.09375	0.046875	0.64965	0.682449	0.682449	0.000538361	0.046875	0.218511	0.655532	0.655532	0.0954937	0.138556	0.415669	0	0.0383958	0.315756	0.105252	0	0.068996	0	0	0	0.5625	0.046875	0	0.0225694	0.000440056	0	
12	0.350172	0.649828	0	0.0625	0.03125	0.578519	0.586519	0.586519	6.4e-05	0.03125	0.175086	0.350172	0.350172	0.0306551	0.09989	0.19978	0	0.00997801	0.354307	0.118102	0	0.0413562	0	0	0	0.5	0.03125	0	0.0117188	0.000228882	1	
12	0.195963	0.804037	0	0.09375	0.046875	0.688895	0.742811	0.742811	0.00465197	0.046875	0.0653211	0.195963	0.195963	0.0085337	0.0387139	0.116142	0	0.00299754	0.332506	0	0.110835	0.0217197	0	0	0	0.5	0.046875	0	0.015625	0.000427246	0	
12	0.350172	0.649828	0	0.1875	0.09375	0.654613	0.742811	0.742811	0.00423881	0.09375	0.058362	0.350172	0.350172	0.0170306	0.0332967	0.19978	0	0.00554334	0.337297	0	0.112432	0.0393707	0	0	1	0.5	0.09375	0	0.0332031	0.00185776	0	
12	0.195963	0.804037	0	0.0625	0.03125	0.667741	0.742811	0.742811	0.0056355	0.03125	0.0979817	0.195963	0.195963	0.00960042	0.0580709	0.116142	0	0.00337223	0.434104	0.144701	0	0.0283562	0	0	0	0.5	0.03125	0	0.0117188	0.000228882	0	
12	0.804037	0.195963	0	0.15625	0.078125	0.636708	0.742811	0.742811	0.00365728	0.078125	0.160807	0.453864	0.453864	0.0398637	0.0976588	0.288514	0	0.0150932	0.32088	0.10696	0	0.0859998	0	0	1	0.5	0.078125	0	0.0292969	0.00143051	0	
12	0.453864	0.546136	0	0.15625	0.078125	0.627501	0.648619	0.648619	0.00059451	0.078125	0.0907729	0.453864	0.453864	0.0329589	0.0577028	0.288514	0	0.0133185	0.330611	0	0.110204	0.0500175	0	0	1	0.5	0.078125	0	0.0292969	0.00143051	0	
12	0.453864	0.546136	0	0.15625	0.078125	0.627501	0.648619	0.648619	0.00059451	0.078125	0.0907729	0.453864	0.453864	0.0329589	0.0577028	0.288514	0	0.0133185	0.373423	0.124474	0	0.0564945	0	0	0	0.5	0.078125	0	0.0292969	0.00143051	0	
12	0.195963	0.804037	0	0.09375	0.046875	0.659626	0.731202	0.731202	0.00320918	0.046875	0.0653211	0.195963	0.195963	0.0085337	0.0387139	0.116142	0	0.00299754	0.500308	0	0.166769	0.0326807	0	0	0	0.5	0.046875	0	0.015625	0.000427246	0	
12	0.453864	0.546136	0	0.15625	0.078125	0.627501	0.648619	0.648619	0.00059451	0.078125	0.0907729	0.453864	0.453864	0.0329589	0.0577028	0.288514	0	0.0133185	0.406997	0	0.135666	0.0615739	0	0	0	0.5	0.078125	0	0.0292969	0.00143051	0	
12	0.453864	0.546136	0	0.125	0.0625	0.659521	0.731202	0.731202	0.0017975	0.0625	0.113466	0.453864	0.453864	0.0386237	0.0721285	0.288514	0	0.0156076	0.318255	0	0.106085	0.0481482	0	0	1	0.5	0.0625	0	0.0214844	0.000789642	0	
13	0.792603	0.207397	0	0.09375	0.046875	0.622601	0.739635	0.739635	0.00684963	0.046875	0.264201	0.792603	0.792603	0.139604	0.149378	0.448133	0	0.0446274	0.594475	0	0.198158	0.157061	0	0	1	0.5	0.046875	0	0.0195312	0.000473022	1	
13	0.792603	0.207397	0	0.03125	0.015625	0.565395	0.565395	0.565395	0	0.015625	0.792603	0.792603	0.792603	0	0.448133	0.448133	0.448133	0	0.388693	0.129564	0	0.102693	0	0	1	0.5	0.015625	0	0.00585938	5.72205e-05	0	
13	0.446336	0.553664	0	0.25	0.125	0.641585	0.742811	0.742811	0.0037881	0.125	0.0557921	0.238939	0.238939	0.00940044	0.0336936	0.148736	0	0.00345451	0.337297	0	0.112432	0.0501826	0	0	1	0.5	0.125	0	0.0546875	0.00280762	0	
13	0.207397	0.792603	0	0.15625	0.078125	0.627501	0.648619	0.648619	0.00059451	0.078125	0.0414795	0.207397	0.207397	0.00688219	0.0241665	0.120833	0	0.00233608	0.373423	0.124474	0	0.0258157	0	0	0	0.5	0.078125	0	0.0390625	0.00152588	0	
13	0.792603	0.207397	0	0.09375	0.046875	0.608099	0.696128	0.696128	0.00387573	0.046875	0.264201	0.792603	0.792603	0.139604	0.149378	0.448133	0	0.0446274	0.582957	0.194319	0	0.154018	0	0	1	0.5	0.046875	0	0.0175781	0.000514984	1	
13	0.207397	0.792603	0	0.1875	0.09375	0.628029	0.648619	0.648619	0.000496819	0.09375	0.0345662	0.207397	0.207397	0.00597412	0.0201388	0.120833	0	0.00202785	0.406997	0	0.135666	0.0281367	0	0	0	0.5	0.09375	0	0.0488281	0.00204086	0	
14	0.500305	0.499695	0	0.125	0.0625	0.64108	0.748812	0.748812	0.00390633	0.0625	0.125076	0.500305	0.500305	0.0469321	0.0764096	0.305638	0	0.0175153	0.492067	0	0.164022	0.0820612	1	0	1	0.4375	0.0625	0	0.0245536	0.00068758	1	
14	0.221689	0.778311	0	0.09375	0.046875	0.688895	0.742811	0.742811	0.00465197	0.046875	0.0738965	0.221689	0.221689	0.0109214	0.0437963	0.131389	0	0.00383623	0.332506	0	0.110835	0.024571	0	0	0	0.4375	0.046875	0	0.0178571	0.000448422	0	
14	0.221689	0.778311	0	0.0625	0.03125	0.667741	0.742811	0.742811	0.0056355	0.03125	0.110845	0.221689	0.221689	0.0122866	0.0656944	0.131389	0	0.00431576	0.434104	0.144701	0	0.0320787	0	0	0	0.4375	0.03125	0	0.0133929	0.000239158	0	
14	0.778311	0.221689	0	0.09375	0.046875	0.675501	0.742811	0.742811	0.00229062	0.046875	0.259437	0.778311	0.778311	0.134615	0.16492	0.494759	0	0.054397	0.32088	0.10696	0	0.0832482	0	0	1	0.4375	0.046875	0	0.0200893	0.000538106	0	
14	0.778311	0.221689	0	0.15625	0.078125	0.627501	0.648619	0.648619	0.00059451	0.078125	0.155662	0.778311	0.778311	0.0969228	0.0989518	0.494759	0	0.0391659	0.330611	0	0.110204	0.0857727	0	0	1	0.4375	0.078125	0	0.0334821	0.00149474	0	
14	0.778311	0.221689	0	0.15625	0.078125	0.627501	0.648619	0.648619	0.00059451	0.078125	0.155662	0.778311	0.778311	0.0969228	0.0989518	0.494759	0	0.0391659	0.373423	0.124474	0	0.0968797	0	0	0	0.4375	0.078125	0	0.0334821	0.00149474	0	
14	0.221689	0.778311	0	0.09375	0.046875	0.659626	0.731202	0.731202	0.00320918	0.046875	0.0738965	0.221689	0.221689	0.0109214	0.0437963	0.131389	0	0.00383623	0.500308	0	0.166769	0.036971	0	0	0	0.4375	0.046875	0	0.0178571	0.000448422	0	
14	0.778311	0.221689	0	0.15625	0.078125	0.627501	0.648619	0.648619	0.00059451	0.078125	0.155662	0.778311	0.778311	0.0969228	0.0989518	0.494759	0	0.0391659	0.406997	0	0.135666	0.10559	0	0	0	0.4375	0.078125	0	0.0334821	0.00149474	0	
14	0.778311	0.221689	0	0.125	0.0625	0.659521	0.731202	0.731202	0.0017975	0.0625	0.194578	0.778311	0.778311	0.113581	0.12369	0.494759	0	0.0458975	0.318255	0	0.106085	0.0825671	0	0	1	0.4375	0.0625	0	0.0245536	0.000827089	0	
15	0.915964	0.0840362	0	0.0625	0.03125	0.667585	0.748812	0.748812	0.00659778	0.03125	0.457982	0.915964	0.915964	0.209747	0.268541	0.537083	0	0.0721145	0.657487	0.219162	0	0.200745	0	0	1	0.75	0.03125	0	0.0104167	0.000135634	0	
15	0.126054	0.873946	0	0.15625	0.078125	0.704258	0.742811	0.742811	0.0031513	0.078125	0.0252109	0.0420181	0.0420181	0.000423725	0.0183687	0.0307237	0	0.000224953	0.332506	0	0.110835	0.0139713	0	0	0	0.75	0.078125	0	0.0273438	0.000940959	1	
15	0.892325	0.107675	0	0.03125	0.015625	0.565395	0.565395	0.565395	0	0.015625	0.892325	0.892325	0.892325	0	0.504516	0.504516	0.504516	0	0.388693	0.129564	0	0.115614	0	0	1	0.75	0.015625	0	0.00651042	5.93397e-05	0	
15	0.915964	0.0840362	0	0.125	0.0625	0.620592	0.742811	0.742811	0.00501379	0.0625	0.228991	0.915964	0.915964	0.157311	0.133392	0.533567	0	0.05338	0.32088	0.10696	0	0.0979716	0	0	1	0.75	0.0625	0	0.0234375	0.000793457	0	
15	0.126054	0.873946	0	0.15625	0.078125	0.711717	0.780107	0.780107	0.00394903	0.078125	0.0252109	0.0420181	0.0420181	0.000423725	0.0183687	0.0307237	0	0.000224953	0.500308	0	0.166769	0.021022	0	0	0	0.75	0.078125	0	0.0273438	0.000859578	1	
16	0.672792	0.327208	0	0.15625	0.078125	0.658925	0.739635	0.739635	0.00287153	0.078125	0.134558	0.672792	0.672792	0.0724238	0.0822853	0.411426	0	0.0270835	0.638524	0.212841	0	0.143198	0	0	0	0.4375	0.078125	0	0.0357143	0.00137516	1	
16	0.290551	0.709449	0	0.125	0.0625	0.67862	0.742811	0.742811	0.00380568	0.0625	0.0726378	0.290551	0.290551	0.0158288	0.0470545	0.188218	0	0.00664239	0.332506	0	0.110835	0.0322033	0	0	0	0.4375	0.0625	0	0.0334821	0.000518176	0	
16	0.290551	0.709449	0	0.125	0.0625	0.656669	0.731202	0.731202	0.00243312	0.0625	0.0726378	0.290551	0.290551	0.0158288	0.0470545	0.188218	0	0.00664239	0.500308	0	0.166769	0.048455	0	0	0	0.4375	0.0625	0	0.03125	0.00062779	0	
16	0.709449	0.290551	0	0.09375	0.046875	0.660924	0.696128	0.696128	0.000710682	0.046875	0.236483	0.709449	0.709449	0.111848	0.149372	0.448115	0	0.0446238	0.50049	0	0.16683	0.118357	0	0	0	0.4375	0.046875	0	0.0267857	0.000538106	0	
17	0.21165	0.78835	0	0.0625	0.03125	0.578519	0.586519	0.586519	6.4e-05	0.03125	0.105825	0.21165	0.21165	0.011199	0.0603753	0.120751	0	0.00364518	0.354307	0.118102	0	0.0249964	0	0	0	0.4375	0.03125	0	0.0178571	0.000239158	1	
17	0.78835	0.21165	0	0.09375	0.046875	0.688895	0.742811	0.742811	0.00465197	0.046875	0.262783	0.78835	0.78835	0.13811	0.155744	0.467232	0	0.0485123	0.332506	0	0.110835	0.087377	0	0	0	0.4375	0.046875	0	0.0200893	0.000398597	0	
17	0.21165	0.78835	0	0.25	0.125	0.644487	0.742811	0.742811	0.00373619	0.125	0.0264563	0.21165	0.21165	0.00489955	0.0150938	0.120751	0	0.00159476	0.337297	0	0.112432	0.0237963	0	0	1	0.4375	0.125	0	0.0669643	0.00270049	0	
17	0.78835	0.21165	0	0.0625	0.03125	0.667741	0.742811	0.742811	0.0056355	0.03125	0.394175	0.78835	0.78835	0.155374	0.233616	0.467232	0	0.0545764	0.434104	0.144701	0	0.114075	0	0	0	0.4375	0.03125	0	0.015625	0.000209263	0	
17	0.567508	0.432492	0	0.25	0.125	0.63066	0.648619	0.648619	0.000406474	0.125	0.0709385	0.355858	0.355858	0.0163966	0.0447869	0.224992	0	0.00654304	0.330611	0	0.110204	0.0625415	0	0	1	0.4375	0.125	0	0.0669643	0.00284	0	
17	0.567508	0.432492	0	0.25	0.125	0.63066	0.648619	0.648619	0.000406474	0.125	0.0709385	0.355858	0.355858	0.0163966	0.0447869	0.224992	0	0.00654304	0.373423	0.124474	0	0.0706402	0	0	0	0.4375	0.125	0	0.0669643	0.00284	0	
17	0.78835	0.21165	0	0.0625	0.03125	0.661937	0.731202	0.731202	0.00479776	0.03125	0.394175	0.78835	0.78835	0.155374	0.233616	0.467232	0	0.0545764	0.500308	0	0.166769	0.131472	0	0	0	0.4375	0.03125	0	0.0111607	0.000189334	0	
17	0.21165	0.78835	0	0.1875	0.09375	0.627888	0.648619	0.648619	0.000496177	0.09375	0.0352751	0.21165	0.21165	0.00622165	0.0222172	0.133303	0	0.00246801	0.406997	0	0.135666	0.0287137	0	0	0	0.4375	0.09375	0	0.046875	0.00174386	0	
17	0.78835	0.21165	0	0.25	0.125	0.633402	0.731202	0.731202	0.00210649	0.125	0.0985437	0.432492	0.432492	0.0294996	0.0588666	0.245941	0	0.0104233	0.318255	0	0.106085	0.0836321	0	0	1	0.4375	0.125	0	0.0691964	0.0025012	0	
18	0.167412	0.832588	0	0.03125	0.015625	0.629058	0.629058	0.629058	0	0.015625	0.167412	0.167412	0.167412	0	0.105312	0.105312	0.105312	0	0.46383	0.15461	0	0.0258835	0	0	0	0.4375	0.015625	0	0.00446429	4.98246e-05	1	
18	0.167412	0.832588	0	0.03125	0.015625	0.629058	0.629058	0.629058	0	0.015625	0.167412	0.167412	0.167412	0	0.105312	0.105312	0.105312	0	0.396357	0.132119	0	0.0221183	0	0	0	0.4375	0.015625	0	0.00446429	4.98246e-05	0	
18	0.167412	0.832588	0	0.03125	0.015625	0.629058	0.629058	0.629058	0	0.015625	0.167412	0.167412	0.167412	0	0.105312	0.105312	0.105312	0	0.315756	0.105252	0	0.0176204	0	0	0	0.4375	0.015625	0	0.00446429	4.98246e-05	0	
18	0.531575	0.468425	0	0.09375	0.046875	0.688895	0.742811	0.742811	0.00465197	0.046875	0.177192	0.531575	0.531575	0.0627938	0.105016	0.315049	0	0.0220569	0.332506	0	0.110835	0.0589173	0	0	0	0.4375	0.046875	0	0.0178571	0.000448422	0	
18	0.531575	0.468425	0	0.09375	0.046875	0.655707	0.742811	0.742811	0.00404664	0.046875	0.177192	0.531575	0.531575	0.0627938	0.105016	0.315049	0	0.0220569	0.434104	0.144701	0	0.0769196	0	0	0	0.4375	0.046875	0	0.0200893	0.000538106	0	
18	0.301013	0.698987	0	0.09375	0.046875	0.675501	0.742811	0.742811	0.00229062	0.046875	0.100338	0.301013	0.301013	0.0201353	0.0637831	0.191349	0	0.00813656	0.32088	0.10696	0	0.0321964	0	0	1	0.4375	0.046875	0	0.0200893	0.000538106	0	
18	0.301013	0.698987	0	0.15625	0.078125	0.627501	0.648619	0.648619	0.00059451	0.078125	0.0602027	0.301013	0.301013	0.0144974	0.0382698	0.191349	0	0.00585832	0.330611	0	0.110204	0.0331728	0	0	1	0.4375	0.078125	0	0.0334821	0.00149474	0	
18	0.301013	0.698987	0	0.15625	0.078125	0.627501	0.648619	0.648619	0.00059451	0.078125	0.0602027	0.301013	0.301013	0.0144974	0.0382698	0.191349	0	0.00585832	0.373423	0.124474	0	0.0374685	0	0	0	0.4375	0.078125	0	0.0334821	0.00149474	0	
18	0.531575	0.468425	0	0.09375	0.046875	0.659626	0.731202	0.731202	0.00320918	0.046875	0.177192	0.531575	0.531575	0.0627938	0.105016	0.315049	0	0.0220569	0.500308	0	0.166769	0.0886503	0	0	0	0.4375	0.046875	0	0.0178571	0.000448422	0	
18	0.301013	0.698987	0	0.15625	0.078125	0.627501	0.648619	0.648619	0.00059451	0.078125	0.0602027	0.301013	0.301013	0.0144974	0.0382698	0.191349	0	0.00585832	0.406997	0	0.135666	0.0408372	0	0	0	0.4375	0.078125	0	0.0334821	0.00149474	0	
18	0.301013	0.698987	0	0.125	0.0625	0.659521	0.731202	0.731202	0.0017975	0.0625	0.0752533	0.301013	0.301013	0.0169892	0.0478373	0.191349	0	0.00686522	0.318255	0	0.106085	0.031933	0	0	1	0.4375	0.0625	0	0.0245536	0.000827089	0	
19	0.866203	0.133797	0	0.1875	0.09375	0.637753	0.739635	0.739635	0.00360835	0.09375	0.144367	0.866203	0.866203	0.104209	0.0882836	0.529702	0	0.03897	0.531712	0	0.177237	0.153524	1	0	1	0.4375	0.09375	0	0.0424107	0.00137516	1	
19	0.522281	0.477719	0	0.25	0.125	0.63066	0.648619	0.648619	0.000406474	0.125	0.0652851	0.522281	0.522281	0.029835	0.0412767	0.330214	0	0.0119264	0.330611	0	0.110204	0.0575573	0	0	1	0.4375	0.125	0	0.0669643	0.00284	0	
19	0.522281	0.477719	0	0.25	0.125	0.63066	0.648619	0.648619	0.000406474	0.125	0.0652851	0.522281	0.522281	0.029835	0.0412767	0.330214	0	0.0119264	0.373423	0.124474	0	0.0650106	0	0	0	0.4375	0.125	0	0.0669643	0.00284	0	
20	0.88548	0.11452	0	0.21875	0.109375	0.628199	0.748812	0.748812	0.00288978	0.109375	0.126497	0.88548	0.88548	0.0960092	0.0773557	0.54149	0	0.0359034	0.621214	0	0.207071	0.183358	1	0	1	0.625	0.109375	0	0.0375	0.00181641	1	
20	0.522281	0.477719	0	0.3125	0.15625	0.629913	0.648619	0.648619	0.000327465	0.15625	0.0522281	0.522281	0.522281	0.0245499	0.0330214	0.330214	0	0.0098137	0.330611	0	0.110204	0.0575573	0	0	1	0.625	0.15625	0	0.06875	0.00430664	0	
20	0.522281	0.477719	0	0.3125	0.15625	0.629913	0.648619	0.648619	0.000327465	0.15625	0.0522281	0.522281	0.522281	0.0245499	0.0330214	0.330214	0	0.0098137	0.373423	0.124474	0	0.0650106	0	0	0	0.625	0.15625	0	0.06875	0.00430664	0	
21	0.522281	0.477719	0	0.34375	0.171875	0.63003	0.648619	0.648619	0.00029783	0.171875	0.0474801	0.298745	0.298745	0.0104017	0.0299979	0.188883	0	0.00415323	0.330611	0	0.110204	0.0575573	0	0	1	0.625	0.171875	0	0.0671875	0.00561768	0	
21	0.522281	0.477719	0	0.34375	0.171875	0.63003	0.648619	0.648619	0.00029783	0.171875	0.0474801	0.298745	0.298745	0.0104017	0.0299979	0.188883	0	0.00415323	0.373423	0.124474	0	0.0650106	0	0	0	0.625	0.171875	0	0.0671875	0.00561768	0	
21	0.776465	0.223535	0	0.28125	0.140625	0.632741	0.731202	0.731202	0.00187592	0.140625	0.0862738	0.477719	0.477719	0.0278307	0.0511714	0.27166	0	0.00954545	0.318255	0	0.106085	0.0823713	0	0	1	0.625	0.140625	0	0.0546875	0.00352783	1	
22	0.522281	0.477719	0	0.375	0.1875	0.630215	0.648619	0.648619	0.000273389	0.1875	0.0435234	0.522281	0.522281	0.0208371	0.0275178	0.330214	0	0.00832953	0.330611	0	0.110204	0.0575573	0	0	1	0.625	0.1875	0	0.065625	0.00541016	1	
22	0.522281	0.477719	0	0.375	0.1875	0.630215	0.648619	0.648619	0.000273389	0.1875	0.0435234	0.522281	0.522281	0.0208371	0.0275178	0.330214	0	0.00832953	0.373423	0.124474	0	0.0650106	0	0	0	0.625	0.1875	0	0.065625	0.00541016	1	
23	0.867314	0.132686	0	0.0625	0.03125	0.667741	0.742811	0.742811	0.0056355	0.03125	0.433657	0.867314	0.867314	0.188058	0.257016	0.514032	0	0.0660572	0.332506	0	0.110835	0.0961291	0	0	0	0.5625	0.03125	0	0.0121528	0.000204958	0	
23	0.588844	0.411156	0	0.125	0.0625	0.640144	0.742811	0.742811	0.00423465	0.0625	0.147211	0.456158	0.456158	0.0347504	0.0869781	0.261931	0	0.011435	0.337297	0	0.112432	0.0662051	0	0	1	0.5625	0.0625	0	0.03125	0.000868056	1	
23	0.867314	0.132686	0	0.0625	0.03125	0.667741	0.742811	0.742811	0.0056355	0.03125	0.433657	0.867314	0.867314	0.188058	0.257016	0.514032	0	0.0660572	0.434104	0.144701	0	0.125501	0	0	0	0.5625	0.03125	0	0.0121528	0.000204958	0	
23	0.676528	0.323472	0	0.15625	0.078125	0.623607	0.648009	0.648009	0.000475975	0.078125	0.135306	0.411156	0.411156	0.0225445	0.0858138	0.259518	0	0.00898128	0.330611	0	0.110204	0.0745558	0	0	1	0.5625	0.078125	0	0.0347222	0.00118152	0	
23	0.676528	0.323472	0	0.15625	0.078125	0.623607	0.648009	0.648009	0.000475975	0.078125	0.135306	0.411156	0.411156	0.0225445	0.0858138	0.259518	0	0.00898128	0.373423	0.124474	0	0.0842104	0	0	0	0.5625	0.078125	0	0.0347222	0.00118152	0	
23	0.867314	0.132686	0	0.03125	0.015625	0.592671	0.592671	0.592671	0	0.015625	0.867314	0.867314	0.867314	0	0.514032	0.514032	0.514032	0	0.500308	0	0.166769	0.144641	0	0	0	0.5625	0.015625	0	0.00520833	5.42535e-05	1	
23	0.265372	0.734628	0	0.09375	0.046875	0.62015	0.648009	0.648009	0.000759567	0.046875	0.0884572	0.132686	0.132686	0.00391234	0.0565169	0.0859815	0	0.00159805	0.406997	0	0.135666	0.0360018	0	0	0	0.5625	0.046875	0	0.0190972	0.000421971	0	
24	0.589058	0.410942	0	0.09375	0.046875	0.688895	0.742811	0.742811	0.00465197	0.046875	0.196353	0.589058	0.589058	0.0771088	0.116373	0.349118	0	0.0270851	0.332506	0	0.110835	0.0652885	0	0	0	0.6875	0.046875	0	0.00994318	0.000234052	0	
24	0.589058	0.410942	0	0.0625	0.03125	0.667741	0.742811	0.742811	0.0056355	0.03125	0.294529	0.589058	0.589058	0.0867474	0.174559	0.349118	0	0.0304708	0.434104	0.144701	0	0.0852374	0	0	0	0.6875	0.03125	0	0.00710227	0.000149309	1	
24	0.589058	0.410942	0	0.0625	0.03125	0.661937	0.731202	0.731202	0.00479776	0.03125	0.294529	0.589058	0.589058	0.0867474	0.174559	0.349118	0	0.0304708	0.500308	0	0.166769	0.0982367	0	0	0	0.6875	0.03125	0	0.00568182	0.000100885	0	
24	0.410942	0.589058	0	0.1875	0.09375	0.627888	0.648619	0.648619	0.000496177	0.09375	0.0684903	0.410942	0.410942	0.0234546	0.0399034	0.23942	0	0.00796141	0.406997	0	0.135666	0.0557508	0	0	0	0.6875	0.09375	0	0.0340909	0.00154555	1	
25	0.301012	0.698988	0	0.125	0.0625	0.676819	0.742811	0.742811	0.00422121	0.0625	0.075253	0.301012	0.301012	0.0169891	0.0489704	0.195882	0	0.00719431	0.337297	0	0.112432	0.0338435	0	0	1	0.6875	0.0625	0	0.0255682	0.000677944	0	
25	0.558346	0.441654	0	0.1875	0.09375	0.704013	0.755374	0.755374	0.00218457	0.09375	0.0930577	0.301012	0.301012	0.0174784	0.0610055	0.195882	0	0.00749851	0.349303	0.116434	0	0.0650106	0	0	0	0.6875	0.09375	0	0.0355114	0.00155766	1	
26	0.107722	0.892278	0	0.03125	0.015625	0.645461	0.645461	0.645461	0	0.015625	0.107722	0.107722	0.107722	0	0.0695306	0.0695306	0.0695306	0	0.347269	0	0.115756	0.0124695	0	0	0	0.5625	0.015625	0	0.00520833	5.42535e-05	1	
26	0.107722	0.892278	0	0.09375	0.046875	0.600833	0.645461	0.645461	0.00103848	0.046875	0.0359075	0.107722	0.107722	0.0025787	0.0231769	0.0695306	0	0.00107434	0.354307	0.118102	0	0.0127223	0	0	0	0.5625	0.046875	0	0.015625	0.000488281	1	
26	0.107722	0.892278	0	0.03125	0.015625	0.645461	0.645461	0.645461	0	0.015625	0.107722	0.107722	0.107722	0	0.0695306	0.0695306	0.0695306	0	0.343882	0	0.114627	0.0123479	0	0	0	0.5625	0.015625	0	0.00520833	5.42535e-05	1	
26	0.107722	0.892278	0	0.03125	0.015625	0.645461	0.645461	0.645461	0	0.015625	0.107722	0.107722	0.107722	0	0.0695306	0.0695306	0.0695306	0	0.283388	0	0.0944627	0.0101758	0	0	0	0.5625	0.015625	0	0.00520833	5.42535e-05	1	
26	0.784555	0.215445	0	0.0625	0.03125	0.667585	0.748812	0.748812	0.00659778	0.03125	0.392278	0.784555	0.784555	0.153882	0.230015	0.46003	0	0.0529069	0.657487	0.219162	0	0.171945	0	0	1	0.5625	0.03125	0	0.0138889	0.00013262	0	
26	0.94704	0.0529599	0	0.03125	0.015625	0.565395	0.565395	0.565395	0	0.015625	0.94704	0.94704	0.94704	0	0.535451	0.535451	0.535451	0	0.388693	0.129564	0	0.122703	0	0	1	0.5625	0.015625	0	0.00694444	6.02816e-05	0	
27	0.33106	0.66894	0	0.25	0.125	0.641585	0.742811	0.742811	0.0037881	0.125	0.0413825	0.33106	0.33106	0.0119876	0.02576	0.20608	0	0.00464504	0.337297	0	0.112432	0.0372219	0	0	1	0.5625	0.125	0	0.0486111	0.00279104	1	
27	0.613343	0.386657	0	0.28125	0.140625	0.618426	0.742811	0.742811	0.00264846	0.140625	0.0681492	0.33106	0.33106	0.0163873	0.0419872	0.20608	0	0.00623549	0.32088	0.10696	0	0.0656032	0	0	1	0.5625	0.140625	0	0.0607639	0.0037676	0	
28	0.63679	0.36321	0	0.34375	0.171875	0.647921	0.748812	0.748812	0.0029909	0.171875	0.05789	0.63679	0.63679	0.0335125	0.0353652	0.389018	0	0.012507	0.621214	0	0.207071	0.131861	1	0	1	0.625	0.171875	0	0.053125	0.00469727	1	
28	0.6808	0.3192	0	0.03125	0.015625	0.565395	0.565395	0.565395	0	0.015625	0.6808	0.6808	0.6808	0	0.384921	0.384921	0.384921	0	0.388693	0.129564	0	0.0882074	0	0	1	0.625	0.015625	0	0.00625	5.85937e-05	0	
29	0.613343	0.386657	0	0.09375	0.046875	0.604323	0.635683	0.635683	0.000757955	0.046875	0.204448	0.613343	0.613343	0.0835977	0.124432	0.373296	0	0.0309666	0.32088	0.10696	0	0.0656032	0	0	1	0.5	0.046875	0	0.0253906	0.000423431	0	
29	0.274364	0.725636	0	0.125	0.0625	0.617886	0.635683	0.635683	0.000436572	0.0625	0.0685911	0.274364	0.274364	0.0141142	0.0432582	0.173033	0	0.00561382	0.406997	0	0.135666	0.0372219	0	0	0	0.5	0.0625	0	0.0332031	0.000881195	1	
30	0.421882	0.578118	0	0.09375	0.046875	0.688895	0.742811	0.742811	0.00465197	0.046875	0.140627	0.421882	0.421882	0.0395521	0.0833458	0.250037	0	0.013893	0.332506	0	0.110835	0.0467595	0	0	0	0.4375	0.046875	0	0.0178571	0.000448422	0	
30	0.784217	0.215783	0	0.09375	0.046875	0.655707	0.742811	0.742811	0.00404664	0.046875	0.261406	0.421882	0.421882	0.0347574	0.159634	0.250037	0	0.0128162	0.434104	0.144701	0	0.113477	0	0	0	0.4375	0.046875	0	0.0200893	0.000538106	0	
30	0.215783	0.784217	0	0.09375	0.046875	0.675501	0.742811	0.742811	0.00229062	0.046875	0.0719278	0.215783	0.215783	0.0103472	0.0457233	0.13717	0	0.00418124	0.32088	0.10696	0	0.0230802	0	0	1	0.4375	0.046875	0	0.0200893	0.000538106	0	
30	0.215783	0.784217	0	0.15625	0.078125	0.627501	0.648619	0.648619	0.00059451	0.078125	0.0431567	0.215783	0.215783	0.00744999	0.027434	0.13717	0	0.00301049	0.330611	0	0.110204	0.0237801	0	0	1	0.4375	0.078125	0	0.0334821	0.00149474	0	
30	0.215783	0.784217	0	0.15625	0.078125	0.627501	0.648619	0.648619	0.00059451	0.078125	0.0431567	0.215783	0.215783	0.00744999	0.027434	0.13717	0	0.00301049	0.373423	0.124474	0	0.0268595	0	0	0	0.4375	0.078125	0	0.0334821	0.00149474	0	
30	0.362334	0.637666	0	0.09375	0.046875	0.660924	0.696128	0.696128	0.000710682	0.046875	0.120778	0.362334	0.362334	0.0291747	0.0762881	0.228864	0	0.0116397	0.403962	0.134654	0	0.0487898	0	0	0	0.4375	0.046875	0	0.0200893	0.000538106	1	
30	0.421882	0.578118	0	0.09375	0.046875	0.659626	0.731202	0.731202	0.00320918	0.046875	0.140627	0.421882	0.421882	0.0395521	0.0833458	0.250037	0	0.013893	0.500308	0	0.166769	0.070357	0	0	0	0.4375	0.046875	0	0.0178571	0.000448422	0	
30	0.215783	0.784217	0	0.15625	0.078125	0.627501	0.648619	0.648619	0.00059451	0.078125	0.0431567	0.215783	0.215783	0.00744999	0.027434	0.13717	0	0.00301049	0.406997	0	0.135666	0.0292744	0	0	0	0.4375	0.078125	0	0.0334821	0.00149474	0	
30	0.362334	0.637666	0	0.09375	0.046875	0.660924	0.696128	0.696128	0.000710682	0.046875	0.120778	0.362334	0.362334	0.0291747	0.0762881	0.228864	0	0.0116397	0.50049	0	0.16683	0.0604483	0	0	0	0.4375	0.046875	0	0.0200893	0.000538106	0	
30	0.215783	0.784217	0	0.125	0.0625	0.659521	0.731202	0.731202	0.0017975	0.0625	0.0539458	0.215783	0.215783	0.00873046	0.0342925	0.13717	0	0.00352792	0.318255	0	0.106085	0.0228914	0	0	1	0.4375	0.0625	0	0.0245536	0.000827089	0	
31	0.854023	0.145977	0	0.03125	0.015625	0.565395	0.565395	0.565395	0	0.015625	0.854023	0.854023	0.854023	0	0.48286	0.48286	0.48286	0	0.388693	0.129564	0	0.110651	0	0	1	0.5625	0.015625	0	0.00694444	6.02816e-05	0	
31	0.79017	0.20983	0	0.0625	0.03125	0.635054	0.687589	0.687589	0.00275991	0.03125	0.395085	0.79017	0.79017	0.156092	0.230145	0.460289	0	0.0529665	0.32088	0.10696	0	0.0845166	0	0	1	0.5625	0.03125	0	0.0121528	0.000204958	1	
31	0.20983	0.79017	0	0.0625	0.03125	0.755191	0.780107	0.780107	0.000620832	0.03125	0.104915	0.20983	0.20983	0.0110072	0.0766169	0.153234	0	0.00587014	0.500308	0	0.166769	0.0349932	0	0	0	0.5625	0.03125	0	0.0138889	0.000186873	0	
32	0.0310779	0.968922	0	0.03125	0.015625	0.696976	0.696976	0.696976	0	0.015625	0.0310779	0.0310779	0.0310779	0	0.0216605	0.0216605	0.0216605	0	0.347269	0	0.115756	0.00359746	0	0	0	0.9375	0.015625	0	0.003125	3.90625e-05	0	
32	0.145283	0.854717	0	0.15625	0.078125	0.73513	0.84742	0.84742	0.0034788	0.078125	0.0290566	0.145283	0.145283	0.00337716	0.0204129	0.102064	0	0.00166674	0.51412	0	0.171374	0.0248977	0	0	0	0.9375	0.078125	0	0.0239583	0.00077691	0	
32	0.0310779	0.968922	0	0.03125	0.015625	0.696976	0.696976	0.696976	0	0.015625	0.0310779	0.0310779	0.0310779	0	0.0216605	0.0216605	0.0216605	0	0.343882	0	0.114627	0.00356237	0	0	0	0.9375	0.015625	0	0.003125	3.90625e-05	0	
32	0.0310779	0.968922	0	0.03125	0.015625	0.696976	0.696976	0.696976	0	0.015625	0.0310779	0.0310779	0.0310779	0	0.0216605	0.0216605	0.0216605	0	0.283388	0	0.0944627	0.0029357	0	0	0	0.9375	0.015625	0	0.003125	3.90625e-05	0	
32	0.0310779	0.968922	0	0.03125	0.015625	0.696976	0.696976	0.696976	0	0.015625	0.0310779	0.0310779	0.0310779	0	0.0216605	0.0216605	0.0216605	0	0.396357	0.132119	0	0.00410598	0	0	0	0.9375	0.015625	0	0.003125	3.90625e-05	0	
32	0.792561	0.207439	0	0.0625	0.03125	0.667585	0.748812	0.748812	0.00659778	0.03125	0.39628	0.792561	0.792561	0.157038	0.232362	0.464725	0	0.0539922	0.657487	0.219162	0	0.1737	0	0	1	0.9375	0.03125	0	0.009375	0.000123698	1	
33	0.401597	0.598403	0	0.28125	0.140625	0.642042	0.742811	0.742811	0.00336887	0.140625	0.0446219	0.329634	0.329634	0.0106575	0.0274569	0.205192	0	0.00411957	0.337297	0	0.112432	0.0451525	0	0	1	0.8125	0.140625	0	0.0480769	0.0032475	1	
33	0.928037	0.0719632	0	0.28125	0.140625	0.629752	0.648619	0.648619	0.000367911	0.140625	0.103115	0.598403	0.598403	0.0412278	0.0648371	0.378342	0	0.0163791	0.330611	0	0.110204	0.102273	0	0	1	0.8125	0.140625	0	0.0492788	0.00341219	0	
33	0.598403	0.401597	0	0.25	0.125	0.63066	0.648619	0.648619	0.000406474	0.125	0.0748004	0.598403	0.598403	0.0391657	0.0472928	0.378342	0	0.0156562	0.373423	0.124474	0	0.0744858	0	0	0	0.8125	0.125	0	0.0420673	0.00264365	1	
34	0.575651	0.424349	0	0.25	0.125	0.645361	0.739635	0.739635	0.00317464	0.125	0.0719564	0.575651	0.575651	0.0362441	0.0439585	0.351668	0	0.0135264	0.531712	0	0.177237	0.102027	1	0	1	0.625	0.125	0	0.0421875	0.00224854	0	
34	0.6808	0.3192	0	0.03125	0.015625	0.565395	0.565395	0.565395	0	0.015625	0.6808	0.6808	0.6808	0	0.384921	0.384921	0.384921	0	0.388693	0.129564	0	0.0882074	0	0	1	0.625	0.015625	0	0.00625	5.85937e-05	1	
35	0.604188	0.395812	0	0.125	0.0625	0.6351	0.748812	0.748812	0.00456247	0.0625	0.151047	0.604188	0.604188	0.0684456	0.0922753	0.369101	0	0.0255442	0.621214	0	0.207071	0.12511	1	0	1	0.4375	0.0625	0	0.0267857	0.000747369	1	
35	0.221689	0.778311	0	0.09375	0.046875	0.688895	0.742811	0.742811	0.00465197	0.046875	0.0738965	0.221689	0.221689	0.0109214	0.0437963	0.131389	0	0.00383623	0.332506	0	0.110835	0.024571	0	0	0	0.4375	0.046875	0	0.0178571	0.000448422	0	
35	0.221689	0.778311	0	0.0625	0.03125	0.667741	0.742811	0.742811	0.0056355	0.03125	0.110845	0.221689	0.221689	0.0122866	0.0656944	0.131389	0	0.00431576	0.434104	0.144701	0	0.0320787	0	0	0	0.4375	0.03125	0	0.0133929	0.000239158	0	
35	0.778311	0.221689	0	0.09375	0.046875	0.675501	0.742811	0.742811	0.00229062	0.046875	0.259437	0.778311	0.778311	0.134615	0.16492	0.494759	0	0.054397	0.32088	0.10696	0	0.0832482	0	0	1	0.4375	0.046875	0	0.0200893	0.000538106	0	
35	0.778311	0.221689	0	0.15625	0.078125	0.627501	0.648619	0.648619	0.00059451	0.078125	0.155662	0.778311	0.778311	0.0969228	0.0989518	0.494759	0	0.0391659	0.330611	0	0.110204	0.0857727	0	0	1	0.4375	0.078125	0	0.0334821	0.00149474	0	
35	0.778311	0.221689	0	0.15625	0.078125	0.627501	0.648619	0.648619	0.00059451	0.078125	0.155662	0.778311	0.778311	0.0969228	0.0989518	0.494759	0	0.0391659	0.373423	0.124474	0	0.0968797	0	0	0	0.4375	0.078125	0	0.0334821	0.00149474	0	
35	0.221689	0.778311	0	0.0625	0.03125	0.661937	0.731202	0.731202	0.00479776	0.03125	0.110845	0.221689	0.221689	0.0122866	0.0656944	0.131389	0	0.00431576	0.500308	0	0.166769	0.036971	0	0	0	0.4375	0.03125	0	0.0111607	0.000189334	0	
35	0.778311	0.221689	0	0.15625	0.078125	0.627501	0.648619	0.648619	0.00059451	0.078125	0.155662	0.778311	0.778311	0.0969228	0.0989518	0.494759	0	0.0391659	0.406997	0	0.135666	0.10559	0	0	0	0.4375	0.078125	0	0.0334821	0.00149474	0	
35	0.778311	0.221689	0	0.125	0.0625	0.659521	0.731202	0.731202	0.0017975	0.0625	0.194578	0.778311	0.778311	0.113581	0.12369	0.494759	0	0.0458975	0.318255	0	0.106085	0.0825671	0	0	1	0.4375	0.0625	0	0.0245536	0.000827089	0	
36	0.807084	0.192916	0	0.25	0.125	0.645361	0.739635	0.739635	0.00317464	0.125	0.100886	0.807084	0.807084	0.0712452	0.0616314	0.493051	0	0.026589	0.531712	0	0.177237	0.143045	1	0	1	0.625	0.125	0	0.040625	0.00235352	0	
36	0.613343	0.386657	0	0.3125	0.15625	0.614004	0.742811	0.742811	0.00255955	0.15625	0.0613343	0.613343	0.613343	0.0338571	0.0381797	0.381797	0	0.0131192	0.32088	0.10696	0	0.0656032	0	0	1	0.625	0.15625	0	0.071875	0.00435547	1	
36	0.613343	0.386657	0	0.34375	0.171875	0.621543	0.731202	0.731202	0.00176356	0.171875	0.0557584	0.613343	0.613343	0.03109	0.0347088	0.381797	0	0.012047	0.318255	0	0.106085	0.0650665	0	0	1	0.625	0.171875	0	0.0796875	0.00500244	0	
37	0.575651	0.424349	0	0.25	0.125	0.645361	0.739635	0.739635	0.00317464	0.125	0.0719564	0.575651	0.575651	0.0362441	0.0439585	0.351668	0	0.0135264	0.531712	0	0.177237	0.102027	1	0	1	0.625	0.125	0	0.034375	0.00243164	1	
38	0.291037	0.708963	0	0.375	0.1875	0.622436	0.731202	0.731202	0.00162536	0.1875	0.0242531	0.291037	0.291037	0.00647032	0.0150972	0.181166	0	0.00250717	0.318255	0	0.106085	0.0308746	0	0	1	0.625	0.1875	0	0.078125	0.00517578	1	
