QID	cand_solfracs	cand_slack	dual_coil	coil_cons_degree	coil_obj_count	coil_obj_mean	coil_obj_max	coil_obj_min	coil_obj_variance	coil_y_count	coil_y_mean	coil_y_max	coil_y_min	coil_y_variance	coil_product_mean	coil_product_max	coil_product_min	coil_product_variance	coil_weight	coil_weight_C512	coil_weight_C008	coil_weight_RH	coil_num_SR	coil_constraint_bc	coil_in_up	coil_cons_bind_count	coil_cons_bind_max	coil_cons_bind_min	coil_cons_bind_mean	coil_cons_bind_variance	coil_label	
0	0.652127	0.347873	0	0.125	0.0625	0.629442	0.689938	0.689938	0.0014897	0.0625	0.163032	0.652127	0.652127	0.0797381	0.0951615	0.380646	0	0.0271672	0.377191	0.12573	0	0.0819921	0	0	1	0.5625	0.0625	0	0.0329861	0.000729408	0	
0	0.652127	0.347873	0	0.09375	0.046875	0.654524	0.773386	0.773386	0.00715061	0.046875	0.217376	0.652127	0.652127	0.0945044	0.126882	0.380646	0	0.0321981	0.401987	0.133996	0	0.0873822	0	0	0	0.5625	0.046875	0	0.0208333	0.000434028	0	
0	0.58315	0.41685	0	0.125	0.0625	0.581418	0.588103	0.588103	0.00012761	0.0625	0.145788	0.58315	0.58315	0.063762	0.085738	0.342952	0	0.022053	0.492426	0.164142	0	0.0957195	0	0	1	0.5625	0.0625	0	0.03125	0.000813802	0	
0	0.347873	0.652127	0	0.0625	0.03125	0.650134	0.682146	0.682146	0.00102473	0.03125	0.173936	0.347873	0.347873	0.0302539	0.107514	0.215028	0	0.0115593	0.569657	0	0.189886	0.066056	0	0	1	0.5625	0.03125	0	0.0104167	0.00016276	0	
0	0.652127	0.347873	0	0.09375	0.046875	0.617646	0.653901	0.653901	0.00123891	0.046875	0.217376	0.652127	0.652127	0.0945044	0.1239	0.371699	0	0.0307023	0.454713	0.151571	0	0.0988436	0	0	1	0.5625	0.046875	0	0.0190972	0.000476225	1	
0	0.347873	0.652127	0	0.15625	0.078125	0.633313	0.682146	0.682146	0.000901962	0.078125	0.0695746	0.347873	0.347873	0.0193625	0.0430056	0.215028	0	0.00739794	0.421957	0	0.140652	0.0489291	0	0	1	0.5625	0.078125	0	0.0295139	0.00105493	0	
1	0.243051	0.756949	0	0.15625	0.078125	0.615172	0.689938	0.689938	0.00154358	0.078125	0.0486103	0.243051	0.243051	0.00945183	0.0283738	0.141869	0	0.00322029	0.535895	0	0.178632	0.0434167	0	0	0	0.4375	0.078125	0	0.0401786	0.00131537	0	
1	0.243051	0.756949	0	0.15625	0.078125	0.620247	0.689938	0.689938	0.00152999	0.078125	0.0486103	0.243051	0.243051	0.00945183	0.0283738	0.141869	0	0.00322029	0.377191	0.12573	0	0.0305589	0	0	1	0.4375	0.078125	0	0.0424107	0.0011659	0	
1	0.243051	0.756949	0	0.125	0.0625	0.63676	0.773386	0.773386	0.00630973	0.0625	0.0607628	0.243051	0.243051	0.0110764	0.0354672	0.141869	0	0.00377377	0.401987	0.133996	0	0.0325678	0	0	0	0.4375	0.0625	0	0.0245536	0.000827089	0	
1	0.90921	0.0907904	0	0.09375	0.046875	0.57919	0.588103	0.588103	0.000150288	0.046875	0.30307	0.90921	0.90921	0.183703	0.178236	0.534708	0	0.0635363	0.492426	0.164142	0	0.14924	0	0	1	0.4375	0.046875	0	0.0245536	0.000478316	0	
1	0.756949	0.243051	0	0.0625	0.03125	0.650134	0.682146	0.682146	0.00102473	0.03125	0.378474	0.756949	0.756949	0.143243	0.233944	0.467887	0	0.0547297	0.569657	0	0.189886	0.143734	0	0	1	0.4375	0.03125	0	0.0111607	0.000189334	1	
1	0.756949	0.243051	0	0.15625	0.078125	0.633313	0.682146	0.682146	0.000901962	0.078125	0.15139	0.756949	0.756949	0.0916754	0.0935775	0.467887	0	0.035027	0.421957	0	0.140652	0.106467	0	0	1	0.4375	0.078125	0	0.0334821	0.00121572	0	
2	0.536122	0.463878	0	0.28125	0.140625	0.61693	0.689938	0.689938	0.000790613	0.140625	0.0595691	0.536122	0.536122	0.0283879	0.0359608	0.323648	0	0.0103455	0.402413	0	0.134138	0.0719142	0	0	1	0.5625	0.140625	0	0.0538194	0.00396653	0	
2	0.463878	0.536122	0	0.15625	0.078125	0.617693	0.689938	0.689938	0.00151107	0.078125	0.0927756	0.463878	0.463878	0.0344292	0.054153	0.270765	0	0.0117302	0.377191	0.12573	0	0.0583234	0	0	0	0.5625	0.078125	0	0.0347222	0.00129003	0	
2	0.536122	0.463878	0	0.21875	0.109375	0.606765	0.630594	0.630594	0.000151232	0.109375	0.0765889	0.536122	0.536122	0.0351951	0.0462354	0.323648	0	0.0128263	0.533608	0.177869	0	0.0953597	0	0	1	0.5625	0.109375	0	0.0399306	0.00244743	0	
2	0.463878	0.536122	0	0.25	0.125	0.623372	0.773386	0.773386	0.00377687	0.125	0.0579847	0.463878	0.463878	0.0235356	0.0338457	0.270765	0	0.0080187	0.401987	0.133996	0	0.0621576	0	0	1	0.5625	0.125	0	0.0503472	0.0023751	0	
2	0.998769	0.00123136	0	0.125	0.0625	0.581418	0.588103	0.588103	0.00012761	0.0625	0.249692	0.998769	0.998769	0.187039	0.146845	0.587378	0	0.06469	0.492426	0.164142	0	0.16394	0	0	1	0.5625	0.0625	0	0.03125	0.000813802	0	
2	0.536122	0.463878	0	0.09375	0.046875	0.650709	0.682146	0.682146	0.000683815	0.046875	0.178707	0.536122	0.536122	0.0638727	0.110463	0.331389	0	0.0244042	0.569657	0	0.189886	0.101802	0	0	0	0.5625	0.046875	0	0.015625	0.000379774	0	
2	0.536122	0.463878	0	0.15625	0.078125	0.632905	0.682146	0.682146	0.000885815	0.078125	0.107224	0.536122	0.536122	0.0459883	0.0662779	0.331389	0	0.017571	0.421957	0	0.140652	0.0754068	0	0	1	0.5625	0.078125	0	0.03125	0.00103082	0	
2	0.463878	0.536122	0	0.0625	0.03125	0.587598	0.607298	0.607298	0.00038811	0.03125	0.231939	0.463878	0.463878	0.0537957	0.131717	0.263435	0	0.0173495	0.52684	0.175613	0	0.0814631	0	0	0	0.5625	0.03125	0	0.00868056	0.000168789	0	
2	0.463878	0.536122	0	0.03125	0.015625	0.567897	0.567897	0.567897	0	0.015625	0.463878	0.463878	0.463878	0	0.263435	0.263435	0.263435	0	0.521017	0.173672	0	0.0805628	0	0	0	0.5625	0.015625	0	0.00347222	4.21971e-05	1	
3	0.184114	0.815886	0	0.1875	0.09375	0.607443	0.689938	0.689938	0.00158499	0.09375	0.0306857	0.180816	0.180816	0.00450924	0.017903	0.105542	0	0.00153658	0.535895	0	0.178632	0.0328886	0	0	1	0.4375	0.09375	0	0.0424107	0.00200295	0	
3	0.184114	0.815886	0	0.21875	0.109375	0.612331	0.689938	0.689938	0.00141057	0.109375	0.026302	0.180816	0.180816	0.00398037	0.0153455	0.105542	0	0.00135632	0.377191	0.12573	0	0.0231487	0	0	1	0.4375	0.109375	0	0.0513393	0.00256099	0	
3	0.815886	0.184114	0	0.09375	0.046875	0.585839	0.588103	0.588103	8.18564e-06	0.046875	0.271962	0.815886	0.815886	0.147927	0.159941	0.479824	0	0.0511626	0.611275	0	0.203758	0.166243	0	0	1	0.4375	0.046875	0	0.0178571	0.000448422	1	
3	0.184114	0.815886	0	0.28125	0.140625	0.618829	0.773386	0.773386	0.00362651	0.140625	0.0204571	0.180816	0.180816	0.00321541	0.0119354	0.105542	0	0.00109562	0.401987	0.133996	0	0.0246705	0	0	1	0.4375	0.140625	0.015625	0.0714286	0.0025012	0	
3	0.815886	0.184114	0	0.09375	0.046875	0.577254	0.588103	0.588103	0.00012517	0.046875	0.271962	0.815886	0.815886	0.147927	0.159941	0.479824	0	0.0511626	0.526219	0	0.175406	0.143112	0	0	1	0.4375	0.046875	0	0.0178571	0.000448422	1	
3	0.815886	0.184114	0	0.09375	0.046875	0.57919	0.588103	0.588103	0.000150288	0.046875	0.271962	0.815886	0.815886	0.147927	0.159941	0.479824	0	0.0511626	0.492426	0.164142	0	0.133921	0	0	1	0.4375	0.046875	0	0.0200893	0.000538106	0	
3	0.180816	0.819184	0	0.09375	0.046875	0.622671	0.655913	0.655913	0.00105932	0.046875	0.0602719	0.180816	0.180816	0.00726539	0.0381895	0.114569	0	0.00291688	0.508129	0.169376	0	0.0306259	0	0	1	0.4375	0.046875	0	0.0245536	0.000338807	0	
4	0.426288	0.573712	0	0.09375	0.046875	0.57919	0.588103	0.588103	0.000150288	0.046875	0.142096	0.426288	0.426288	0.0403826	0.0835671	0.250701	0	0.0139669	0.492426	0.164142	0	0.0699719	0	0	1	0.5625	0.046875	0	0.0225694	0.000440056	1	
4	0.817514	0.182486	0	0.3125	0.15625	0.667513	0.813145	0.813145	0.00499875	0.15625	0.0817514	0.817514	0.817514	0.0601496	0.0508042	0.508042	0	0.0232296	0.421957	0	0.140652	0.114985	1	0	1	0.5625	0.15625	0	0.0642361	0.0044729	0	
4	0.182486	0.817514	0	0.09375	0.046875	0.585261	0.605909	0.605909	0.000221529	0.046875	0.0608287	0.182486	0.182486	0.00740026	0.0347573	0.104272	0	0.00241614	0.430567	0.143522	0	0.0261908	0	0	0	0.5625	0.046875	0	0.015625	0.000379774	1	
5	0.884671	0.115329	0	0.28125	0.140625	0.61693	0.689938	0.689938	0.000790613	0.140625	0.0982968	0.489996	0.489996	0.0343227	0.058891	0.291761	0	0.0122976	0.402413	0	0.134138	0.118668	0	0	1	0.625	0.140625	0	0.0484375	0.00383057	0	
5	0.605325	0.394675	0	0.15625	0.078125	0.617693	0.689938	0.689938	0.00151107	0.078125	0.121065	0.605325	0.605325	0.0586269	0.0706655	0.353328	0	0.0199745	0.377191	0.12573	0	0.0761076	0	0	1	0.625	0.078125	0	0.03125	0.00126953	0	
5	0.884671	0.115329	0	0.21875	0.109375	0.606765	0.630594	0.630594	0.000151232	0.109375	0.126382	0.489996	0.489996	0.0405798	0.075717	0.291761	0	0.0145371	0.533608	0.177869	0	0.157356	0	0	1	0.625	0.109375	0	0.0359375	0.00234619	0	
5	0.605325	0.394675	0	0.25	0.125	0.623372	0.773386	0.773386	0.00377687	0.125	0.0756656	0.605325	0.605325	0.040077	0.044166	0.353328	0	0.0136544	0.401987	0.133996	0	0.0811109	0	0	1	0.625	0.125	0	0.0453125	0.00236572	0	
5	0.394675	0.605325	0	0.09375	0.046875	0.650709	0.682146	0.682146	0.000683815	0.046875	0.131558	0.394675	0.394675	0.0346152	0.0813193	0.243958	0	0.0132256	0.569657	0	0.189886	0.0749431	0	0	0	0.625	0.046875	0	0.0140625	0.00036377	0	
5	0.489996	0.510004	0	0.21875	0.109375	0.595678	0.651859	0.651859	0.000667524	0.109375	0.0699994	0.489996	0.489996	0.0293995	0.0416801	0.291761	0	0.0104234	0.386269	0.128756	0	0.0630902	1	0	0	0.625	0.109375	0	0.0375	0.00191406	1	
5	0.394675	0.605325	0	0.15625	0.078125	0.632905	0.682146	0.682146	0.000885815	0.078125	0.078935	0.394675	0.394675	0.024923	0.0487916	0.243958	0	0.00952247	0.421957	0	0.140652	0.0555119	0	0	1	0.625	0.078125	0	0.028125	0.00101563	0	
6	0.123444	0.876556	0	0.1875	0.09375	0.607443	0.689938	0.689938	0.00158499	0.09375	0.0205739	0.123444	0.123444	0.00211643	0.012009	0.0720539	0	0.000721079	0.535895	0	0.178632	0.0220509	0	0	1	0.5625	0.09375	0	0.0381944	0.00174214	0	
6	0.123444	0.876556	0	0.21875	0.109375	0.612331	0.689938	0.689938	0.00141057	0.109375	0.0176348	0.123444	0.123444	0.00186592	0.0102934	0.0720539	0	0.000635727	0.377191	0.12573	0	0.0155206	0	0	1	0.5625	0.109375	0	0.046875	0.00227865	0	
6	0.246887	0.753113	0	0.28125	0.140625	0.618829	0.773386	0.773386	0.00362651	0.140625	0.0274319	0.123444	0.123444	0.00263378	0.0169469	0.0804678	0	0.00100912	0.401987	0.133996	0	0.0330818	0	0	1	0.5625	0.140625	0	0.0520833	0.00298394	0	
6	0.876556	0.123444	0	0.375	0.1875	0.605677	0.655913	0.655913	0.00110102	0.1875	0.0730464	0.694574	0.694574	0.0376268	0.0415737	0.396877	0	0.0122647	0.534339	0.178113	0	0.156126	0	0	1	0.5625	0.1875	0	0.0659722	0.00557605	0	
6	0.305426	0.694574	0	0.3125	0.15625	0.607624	0.655485	0.655485	0.00120499	0.15625	0.0305426	0.181983	0.181983	0.00390274	0.0182475	0.102007	0	0.00135509	0.386269	0.128756	0	0.0393256	0	0	0	0.5625	0.15625	0	0.0520833	0.00374349	1	
6	0.876556	0.123444	0	0.125	0.0625	0.579079	0.605909	0.605909	0.000280787	0.0625	0.219139	0.694574	0.694574	0.0808657	0.124721	0.396877	0	0.0264238	0.430567	0.143522	0	0.125805	0	0	0	0.5625	0.0625	0	0.0173611	0.000675154	0	
6	0.694574	0.305426	0	0.125	0.0625	0.581416	0.589769	0.589769	6.19713e-05	0.0625	0.173643	0.694574	0.694574	0.0904562	0.0992192	0.396877	0	0.0295333	0.579242	0	0.193081	0.134109	0	0	1	0.5625	0.0625	0	0.0225694	0.00081983	0	
7	0.58585	0.41415	0	0.09375	0.046875	0.57919	0.588103	0.588103	0.000150288	0.046875	0.195283	0.58585	0.58585	0.0762712	0.114847	0.34454	0	0.0263795	0.492426	0.164142	0	0.0961627	0	0	1	0.5	0.046875	0	0.0253906	0.000423431	1	
7	0.817514	0.182486	0	0.28125	0.140625	0.674358	0.813145	0.813145	0.00508564	0.140625	0.0908349	0.817514	0.817514	0.0660078	0.0564491	0.508042	0	0.025492	0.421957	0	0.140652	0.114985	1	0	1	0.5	0.140625	0	0.0625	0.00390625	0	
8	0.652127	0.347873	0	0.15625	0.078125	0.617693	0.689938	0.689938	0.00151107	0.078125	0.130425	0.652127	0.652127	0.0680432	0.0761292	0.380646	0	0.0231826	0.377191	0.12573	0	0.0819921	0	0	1	0.6875	0.078125	0	0.0326705	0.0011743	0	
8	0.652127	0.347873	0	0.25	0.125	0.623372	0.773386	0.773386	0.00377687	0.125	0.0815159	0.652127	0.652127	0.0465139	0.0475808	0.380646	0	0.0158475	0.401987	0.133996	0	0.0873822	0	0	1	0.6875	0.125	0	0.046875	0.00199751	0	
8	0.705085	0.294915	0	0.09375	0.046875	0.57919	0.588103	0.588103	0.000150288	0.046875	0.235028	0.705085	0.705085	0.110477	0.138221	0.414662	0	0.0382099	0.492426	0.164142	0	0.115734	0	0	1	0.6875	0.046875	0	0.0184659	0.000435821	0	
8	0.347873	0.652127	0	0.09375	0.046875	0.650709	0.682146	0.682146	0.000683815	0.046875	0.115958	0.347873	0.347873	0.0268923	0.0716761	0.215028	0	0.0102749	0.569657	0	0.189886	0.066056	0	0	0	0.6875	0.046875	0	0.0142045	0.000330901	0	
8	0.347873	0.652127	0	0.15625	0.078125	0.632905	0.682146	0.682146	0.000885815	0.078125	0.0695746	0.347873	0.347873	0.0193625	0.0430056	0.215028	0	0.00739794	0.421957	0	0.140652	0.0489291	0	0	1	0.6875	0.078125	0	0.0284091	0.000924103	0	
8	0.652127	0.347873	0	0.09375	0.046875	0.585261	0.605909	0.605909	0.000221529	0.046875	0.217376	0.652127	0.652127	0.0945044	0.124208	0.372623	0	0.0308551	0.430567	0.143522	0	0.0935947	1	0	0	0.6875	0.046875	0	0.0184659	0.000347043	1	
9	0.333648	0.666352	0	0.25	0.125	0.619617	0.689938	0.689938	0.000824465	0.125	0.041706	0.333648	0.333648	0.0121757	0.025328	0.202624	0	0.00449054	0.402413	0	0.134138	0.0447547	0	0	1	0.75	0.125	0	0.0455729	0.00262282	0	
9	0.333648	0.666352	0	0.1875	0.09375	0.608654	0.630594	0.630594	0.000151474	0.09375	0.055608	0.333648	0.333648	0.0154612	0.0337706	0.202624	0	0.00570227	0.533608	0.177869	0	0.0593457	0	0	1	0.75	0.09375	0	0.0325521	0.0014428	0	
9	0.61829	0.38171	0	0.0625	0.03125	0.650134	0.682146	0.682146	0.00102473	0.03125	0.309145	0.61829	0.61829	0.0955705	0.19109	0.382179	0	0.0365152	0.569657	0	0.189886	0.117404	0	0	0	0.75	0.03125	0	0.0078125	0.000142415	0	
9	0.61829	0.38171	0	0.09375	0.046875	0.635586	0.682146	0.682146	0.0011065	0.046875	0.206097	0.61829	0.61829	0.0849516	0.127393	0.382179	0	0.032458	0.421957	0	0.140652	0.0869638	0	0	1	0.75	0.046875	0	0.015625	0.000325521	0	
9	0.333648	0.666352	0	0.03125	0.015625	0.607298	0.607298	0.607298	0	0.015625	0.333648	0.333648	0.333648	0	0.202624	0.202624	0.202624	0	0.52684	0.175613	0	0.058593	0	0	0	0.75	0.015625	0	0.00390625	4.57764e-05	1	
10	0.438886	0.561114	0	0.125	0.0625	0.579079	0.605909	0.605909	0.000280787	0.0625	0.109722	0.247666	0.247666	0.0124371	0.0621752	0.141515	0	0.00401307	0.430567	0.143522	0	0.0629899	0	0	0	0.5	0.0625	0	0.0253906	0.000728607	0	
10	0.80878	0.19122	0	0.125	0.0625	0.581416	0.589769	0.589769	6.19713e-05	0.0625	0.202195	0.561114	0.561114	0.053164	0.116189	0.323242	0	0.0176281	0.579242	0	0.193081	0.15616	0	0	1	0.5	0.0625	0	0.0273438	0.000778198	1	
11	0.167061	0.832939	0	0.1875	0.09375	0.607443	0.689938	0.689938	0.00158499	0.09375	0.0278434	0.167061	0.167061	0.00387629	0.0162522	0.0975132	0	0.00132067	0.535895	0	0.178632	0.0298423	0	0	1	0.5625	0.09375	0	0.0381944	0.00174214	0	
11	0.167061	0.832939	0	0.21875	0.109375	0.612331	0.689938	0.689938	0.00141057	0.109375	0.0238658	0.167061	0.167061	0.00341746	0.0139305	0.0975132	0	0.00116435	0.377191	0.12573	0	0.0210046	0	0	1	0.5625	0.109375	0	0.046875	0.00227865	0	
11	0.167061	0.832939	0	0.1875	0.09375	0.622021	0.773386	0.773386	0.00482889	0.09375	0.0278434	0.167061	0.167061	0.00387629	0.0162522	0.0975132	0	0.00132067	0.401987	0.133996	0	0.0223854	0	0	1	0.5625	0.09375	0	0.0364583	0.00157335	0	
11	0.832939	0.167061	0	0.1875	0.09375	0.600985	0.655913	0.655913	0.000764831	0.09375	0.138823	0.654221	0.654221	0.0573856	0.079543	0.373819	0	0.0187463	0.534339	0.178113	0	0.148357	0	0	1	0.5625	0.09375	0	0.0329861	0.00138045	0	
11	0.832939	0.167061	0	0.0625	0.03125	0.575088	0.57878	0.57878	1.36308e-05	0.03125	0.41647	0.654221	0.654221	0.0565256	0.238629	0.373819	0.103439	0.0182764	0.430567	0.143522	0	0.119545	0	0	0	0.5625	0.03125	0	0.00868056	0.000168789	0	
11	0.345779	0.654221	0	0.09375	0.046875	0.622771	0.655913	0.655913	0.00105044	0.046875	0.11526	0.178718	0.178718	0.00666505	0.069764	0.105853	0	0.00243448	0.508129	0.169376	0	0.0585668	0	0	0	0.5625	0.046875	0	0.0173611	0.000403887	0	
11	0.654221	0.345779	0	0.09375	0.046875	0.583198	0.589769	0.589769	6.99379e-05	0.046875	0.218074	0.654221	0.654221	0.0951122	0.124606	0.373819	0	0.0310535	0.579242	0	0.193081	0.126317	0	0	1	0.5625	0.046875	0	0.0173611	0.00045814	1	
12	0.182486	0.817514	0	0.15625	0.078125	0.617693	0.689938	0.689938	0.00151107	0.078125	0.0364972	0.182486	0.182486	0.00532819	0.0213034	0.106517	0	0.00181534	0.377191	0.12573	0	0.022944	0	0	1	0.75	0.078125	0	0.0325521	0.00115797	0	
12	0.476668	0.523332	0	0.09375	0.046875	0.57919	0.588103	0.588103	0.000150288	0.046875	0.158889	0.476668	0.476668	0.0504916	0.0934431	0.280329	0	0.0174632	0.492426	0.164142	0	0.0782413	0	0	1	0.75	0.046875	0	0.0169271	0.000425551	1	
12	0.817514	0.182486	0	0.28125	0.140625	0.61928	0.682146	0.682146	0.000725877	0.140625	0.0908349	0.817514	0.817514	0.0660078	0.054638	0.491742	0	0.0238825	0.421957	0	0.140652	0.114985	0	0	1	0.75	0.140625	0	0.0533854	0.00298903	0	
13	0.37542	0.62458	0	0.28125	0.140625	0.61693	0.689938	0.689938	0.000790613	0.140625	0.0417133	0.37542	0.37542	0.01392	0.0253324	0.227992	0	0.00513386	0.402413	0	0.134138	0.050358	0	0	1	0.6875	0.140625	0	0.0525568	0.00343007	0	
13	0.37542	0.62458	0	0.21875	0.109375	0.606765	0.630594	0.630594	0.000151232	0.109375	0.0536314	0.37542	0.37542	0.017258	0.0325703	0.227992	0	0.00636493	0.533608	0.177869	0	0.0667757	0	0	1	0.6875	0.109375	0	0.0383523	0.00205804	0	
13	0.601338	0.398662	0	0.09375	0.046875	0.650709	0.682146	0.682146	0.000683815	0.046875	0.200446	0.601338	0.601338	0.0803571	0.1239	0.371701	0	0.0307025	0.569657	0	0.189886	0.114185	0	0	0	0.6875	0.046875	0	0.0142045	0.000330901	1	
13	0.601338	0.398662	0	0.125	0.0625	0.639654	0.682146	0.682146	0.000879526	0.0625	0.150334	0.601338	0.601338	0.0678013	0.0929252	0.371701	0	0.0259053	0.421957	0	0.140652	0.0845795	0	0	1	0.6875	0.0625	0	0.0213068	0.000589166	0	
13	0.37542	0.62458	0	0.03125	0.015625	0.607298	0.607298	0.607298	0	0.015625	0.37542	0.37542	0.37542	0	0.227992	0.227992	0.227992	0	0.52684	0.175613	0	0.0659287	0	0	0	0.6875	0.015625	0	0.00426136	4.84246e-05	1	
14	0.724753	0.275247	0	0.1875	0.09375	0.62067	0.689938	0.689938	0.00129618	0.09375	0.120792	0.724753	0.724753	0.0729538	0.0688491	0.413094	0	0.023701	0.402413	0	0.134138	0.0972167	0	0	1	0.625	0.09375	0	0.03125	0.00175781	0	
14	0.973115	0.0268847	0	0.1875	0.09375	0.605318	0.629058	0.629058	0.000323792	0.09375	0.162186	0.724753	0.724753	0.0715209	0.0940162	0.413094	0	0.0234024	0.533608	0.177869	0	0.173087	0	0	1	0.625	0.09375	0	0.0328125	0.00148682	0	
14	1	2.22045e-16	-0.00128623	0.125	0.0625	0.645424	0.773386	0.773386	0.00561141	0.0625	0.25	1	1	0.1875	0.154531	0.618123	0	0.0716393	0.409674	0.136558	0	0.136558	0	0	1	0.625	0.0625	0	0.0265625	0.000734863	0	
14	1	2.22045e-16	0.103827	0.1875	0.09375	0.658179	0.703661	0.703661	0.000810377	0.09375	0.166667	1	1	0.138889	0.103021	0.618123	0	0.0530661	0.569657	0	0.189886	0.189886	0	0	0	0.625	0.09375	0	0.04375	0.00145508	0	
14	1	2.22045e-16	0	0.125	0.0625	0.635095	0.682146	0.682146	0.000830595	0.0625	0.25	1	1	0.1875	0.154531	0.618123	0	0.0716393	0.421957	0	0.140652	0.140652	0	0	1	0.625	0.0625	0	0.0265625	0.000637207	0	
14	0.275247	0.724753	0	0.0625	0.03125	0.607086	0.607995	0.607995	8.25827e-07	0.03125	0.137623	0.248362	0.248362	0.0122631	0.0836499	0.151003	0.0162969	0.00453643	0.52684	0.175613	0	0.048337	0	0	0	0.625	0.03125	0	0.009375	0.000205078	1	
14	0.0268847	0.973115	0	0.03125	0.015625	0.606177	0.606177	0.606177	0	0.015625	0.0268847	0.0268847	0.0268847	0	0.0162969	0.0162969	0.0162969	0	0.521017	0.173672	0	0.00466914	0	0	0	0.625	0.015625	0	0.0046875	5.12695e-05	0	
15	0.8742	0.1258	0	0.1875	0.09375	0.607443	0.689938	0.689938	0.00158499	0.09375	0.1457	0.478448	0.478448	0.0430269	0.0840621	0.27927	0	0.0143774	0.535895	0	0.178632	0.15616	0	0	1	0.5625	0.09375	0	0.0381944	0.00174214	0	
15	0.8742	0.1258	0	0.21875	0.109375	0.612331	0.689938	0.689938	0.00141057	0.109375	0.124886	0.478448	0.478448	0.0394796	0.0720533	0.27927	0	0.0131888	0.377191	0.12573	0	0.109913	0	0	1	0.5625	0.109375	0	0.046875	0.00227865	0	
15	0.8742	0.1258	0	0.1875	0.09375	0.622021	0.773386	0.773386	0.00482889	0.09375	0.1457	0.478448	0.478448	0.0430269	0.0840621	0.27927	0	0.0143774	0.401987	0.133996	0	0.117139	0	0	1	0.5625	0.09375	0	0.0364583	0.00157335	0	
15	0.1258	0.8742	0	0.125	0.0625	0.611522	0.655913	0.655913	0.000777925	0.0625	0.03145	0.1258	0.1258	0.0029673	0.0182026	0.0728105	0	0.000994006	0.534339	0.178113	0	0.0224066	0	0	1	0.5625	0.0625	0	0.0225694	0.000548563	0	
15	0.1258	0.8742	0	0.03125	0.015625	0.57878	0.57878	0.57878	0	0.015625	0.1258	0.1258	0.1258	0	0.0728105	0.0728105	0.0728105	0	0.430567	0.143522	0	0.0180551	0	0	0	0.5625	0.015625	0	0.00347222	4.21971e-05	0	
15	0.604248	0.395752	0	0.09375	0.046875	0.622771	0.655913	0.655913	0.00105044	0.046875	0.201416	0.478448	0.478448	0.041011	0.125322	0.303155	0	0.0166959	0.508129	0.169376	0	0.102345	0	0	0	0.5625	0.046875	0	0.0173611	0.000403887	1	
16	0.522133	0.477867	0	0.0625	0.03125	0.650134	0.682146	0.682146	0.00102473	0.03125	0.261067	0.522133	0.522133	0.0681557	0.161371	0.322742	0	0.0260407	0.569657	0	0.189886	0.0991455	0	0	0	0.6875	0.03125	0	0.00852273	0.000149309	0	
16	0.522133	0.477867	0	0.125	0.0625	0.625014	0.682146	0.682146	0.00116511	0.0625	0.130533	0.522133	0.522133	0.0511168	0.0806856	0.322742	0	0.0195305	0.421957	0	0.140652	0.0734392	0	0	1	0.6875	0.0625	0	0.0241477	0.00063759	1	
16	0.447	0.553	0	0.03125	0.015625	0.616956	0.616956	0.616956	0	0.015625	0.447	0.447	0.447	0	0.27578	0.27578	0.27578	0	0.513678	0	0.171226	0.0765381	0	0	0	0.6875	0.015625	0	0.00426136	4.84246e-05	0	
16	0.447	0.553	0	0.03125	0.015625	0.616956	0.616956	0.616956	0	0.015625	0.447	0.447	0.447	0	0.27578	0.27578	0.27578	0	0.416631	0.138877	0	0.0620781	0	0	0	0.6875	0.015625	0	0.00426136	4.84246e-05	0	
16	0.447	0.553	0	0.03125	0.015625	0.616956	0.616956	0.616956	0	0.015625	0.447	0.447	0.447	0	0.27578	0.27578	0.27578	0	0.374903	0.124968	0	0.0558605	0	0	0	0.6875	0.015625	0	0.00426136	4.84246e-05	0	
17	0.191982	0.808018	0	0.03125	0.015625	0.597038	0.597038	0.597038	0	0.015625	0.191982	0.191982	0.191982	0	0.114621	0.114621	0.114621	0	0.509832	0	0.169944	0.0326261	0	0	0	0.625	0.015625	0	0.0046875	5.12695e-05	0	
17	0.191982	0.808018	0	0.09375	0.046875	0.63919	0.689938	0.689938	0.00147536	0.046875	0.063994	0.191982	0.191982	0.00819045	0.0382068	0.114621	0	0.00291952	0.425441	0.141814	0	0.0272257	0	0	0	0.625	0.046875	0	0.015625	0.000439453	0	
17	0.191982	0.808018	0	0.0625	0.03125	0.685212	0.773386	0.773386	0.00777466	0.03125	0.0959909	0.191982	0.191982	0.00921426	0.0573103	0.114621	0	0.00328446	0.401267	0.133756	0	0.0256787	0	0	0	0.625	0.03125	0	0.0109375	0.000148926	0	
17	0.594634	0.405366	0	0.125	0.0625	0.644385	0.682146	0.682146	0.000557991	0.0625	0.148659	0.594634	0.594634	0.0662981	0.0918893	0.367557	0	0.0253309	0.569657	0	0.189886	0.112912	0	0	0	0.625	0.0625	0	0.0265625	0.000734863	0	
17	0.383964	0.616036	0	0.125	0.0625	0.605984	0.633622	0.633622	0.000376008	0.0625	0.0959909	0.191982	0.191982	0.00921426	0.0581481	0.116325	0	0.0033812	0.508129	0.169376	0	0.0650344	0	0	0	0.625	0.0625	0	0.028125	0.000625	0	
17	0.808018	0.191982	0	0.09375	0.046875	0.582851	0.588729	0.588729	6.56229e-05	0.046875	0.269339	0.808018	0.808018	0.145087	0.153899	0.461698	0	0.0473701	0.579242	0	0.193081	0.156013	0	0	1	0.625	0.046875	0	0.021875	0.000498047	1	
18	0.363349	0.636651	0	0.03125	0.015625	0.592962	0.592962	0.592962	0	0.015625	0.363349	0.363349	0.363349	0	0.215452	0.215452	0.215452	0	0.424166	0	0.141389	0.0513734	0	0	0	0.5	0.015625	0	0.00585938	5.72205e-05	1	
18	0.363349	0.636651	0	0.03125	0.015625	0.592962	0.592962	0.592962	0	0.015625	0.363349	0.363349	0.363349	0	0.215452	0.215452	0.215452	0	0.386508	0.128836	0	0.0468124	0	0	0	0.5	0.015625	0	0.00585938	5.72205e-05	1	
18	0.187712	0.812288	0	0.21875	0.109375	0.621377	0.689938	0.689938	0.000917471	0.109375	0.026816	0.187712	0.187712	0.00431458	0.0161883	0.113318	0	0.00157237	0.402413	0	0.134138	0.0251792	0	0	1	0.5	0.109375	0	0.0585938	0.00212097	0	
18	0.812288	0.187712	0	0.25	0.125	0.605015	0.689938	0.689938	0.00127731	0.125	0.101536	0.812288	0.812288	0.0721669	0.0592665	0.474132	0	0.0245876	0.377191	0.12573	0	0.102129	0	0	1	0.5	0.125	0	0.0683594	0.00292587	0	
18	0.187712	0.812288	0	0.15625	0.078125	0.608925	0.630594	0.630594	0.000181328	0.078125	0.0375424	0.187712	0.187712	0.00563772	0.0226637	0.113318	0	0.00205457	0.533608	0.177869	0	0.0333882	0	0	1	0.5	0.078125	0	0.0390625	0.00109863	0	
18	0.812288	0.187712	0	0.125	0.0625	0.634985	0.773386	0.773386	0.00643955	0.0625	0.203072	0.812288	0.812288	0.123715	0.118533	0.474132	0	0.0421502	0.409674	0.136558	0	0.110925	0	0	1	0.5	0.0625	0	0.0253906	0.000606537	0	
18	0.363349	0.636651	0	0.03125	0.015625	0.592962	0.592962	0.592962	0	0.015625	0.363349	0.363349	0.363349	0	0.215452	0.215452	0.215452	0	0.26887	0.0896235	0	0.0325646	0	0	0	0.5	0.015625	0	0.00585938	5.72205e-05	1	
18	0.812288	0.187712	0	0.1875	0.09375	0.621448	0.773386	0.773386	0.00484834	0.09375	0.135381	0.812288	0.812288	0.0916405	0.079022	0.474132	0	0.0312224	0.401987	0.133996	0	0.108843	0	0	1	0.5	0.09375	0	0.0488281	0.00161362	0	
18	0.636651	0.363349	0	0.0625	0.03125	0.622012	0.627067	0.627067	2.55568e-05	0.03125	0.318325	0.636651	0.636651	0.101331	0.199611	0.399223	0	0.0398447	0.513678	0	0.171226	0.109011	0	0	0	0.5	0.03125	0	0.0117188	0.000228882	0	
18	0.636651	0.363349	0	0.03125	0.015625	0.627067	0.627067	0.627067	0	0.015625	0.636651	0.636651	0.636651	0	0.399223	0.399223	0.399223	0	0.299499	0	0.0998331	0.0635589	0	0	0	0.5	0.015625	0	0.00585938	5.72205e-05	0	
18	0.636651	0.363349	0	0.0625	0.03125	0.622012	0.627067	0.627067	2.55568e-05	0.03125	0.318325	0.636651	0.636651	0.101331	0.199611	0.399223	0	0.0398447	0.374903	0.124968	0	0.0795607	0	0	0	0.5	0.03125	0	0.0117188	0.000228882	0	
19	0.883446	0.116554	0	0.09375	0.046875	0.585839	0.588103	0.588103	8.18564e-06	0.046875	0.294482	0.883446	0.883446	0.173439	0.173186	0.519557	0	0.0599865	0.611275	0	0.203758	0.180009	0	0	1	0.625	0.046875	0	0.015625	0.000390625	0	
19	0.696312	0.303688	0	0.125	0.0625	0.644385	0.682146	0.682146	0.000557991	0.0625	0.174078	0.696312	0.696312	0.0909094	0.1103	0.441198	0	0.036498	0.569657	0	0.189886	0.13222	0	0	0	0.625	0.0625	0	0.0265625	0.000734863	0	
19	0.696312	0.303688	0	0.125	0.0625	0.605984	0.633622	0.633622	0.000376008	0.0625	0.174078	0.696312	0.696312	0.0909094	0.1103	0.441198	0	0.036498	0.508129	0.169376	0	0.117939	0	0	0	0.625	0.0625	0	0.028125	0.000625	1	
20	0.492674	0.507326	0	0.1875	0.09375	0.643344	0.773386	0.773386	0.00562503	0.09375	0.0821123	0.492674	0.492674	0.0337122	0.0479289	0.287574	0	0.0114859	0.401987	0.133996	0	0.0660162	0	0	1	0.625	0.09375	0	0.0296875	0.00158447	0	
20	0.817514	0.182486	0	0.28125	0.140625	0.674358	0.813145	0.813145	0.00508564	0.140625	0.0908349	0.817514	0.817514	0.0660078	0.0564491	0.508042	0	0.025492	0.421957	0	0.140652	0.114985	1	0	1	0.625	0.140625	0	0.053125	0.00352539	1	
21	0.669376	0.330624	0	0.1875	0.09375	0.643344	0.773386	0.773386	0.00562503	0.09375	0.111563	0.403508	0.403508	0.0205807	0.0653266	0.235527	0	0.00701734	0.401987	0.133996	0	0.0896935	0	0	1	0.625	0.09375	0	0.0390625	0.00167236	0	
21	0.867066	0.132934	0	0.15625	0.078125	0.615758	0.653901	0.653901	0.000474487	0.078125	0.173413	0.867066	0.867066	0.120288	0.107767	0.538836	0	0.046455	0.534339	0.178113	0	0.154436	1	0	1	0.625	0.078125	0	0.03125	0.000976562	0	
21	0.867066	0.132934	0	0.125	0.0625	0.613364	0.65381	0.65381	0.000719947	0.0625	0.216766	0.867066	0.867066	0.140963	0.134709	0.538836	0	0.0544395	0.579242	0	0.193081	0.167414	1	0	1	0.625	0.0625	0	0.025	0.000742188	1	
22	0.575793	0.424207	0	0.1875	0.09375	0.613869	0.689938	0.689938	0.0014784	0.09375	0.0959656	0.575793	0.575793	0.0460469	0.056015	0.33609	0	0.0156884	0.377191	0.12573	0	0.0723946	0	0	1	0.5625	0.09375	0	0.046875	0.00168186	0	
22	0.575793	0.424207	0	0.09375	0.046875	0.646354	0.773386	0.773386	0.00806905	0.046875	0.191931	0.575793	0.575793	0.0736751	0.11203	0.33609	0	0.0251015	0.409674	0.136558	0	0.0786293	0	0	1	0.5625	0.046875	0	0.0173611	0.000403887	0	
22	0.575793	0.424207	0	0.09375	0.046875	0.64685	0.773386	0.773386	0.0080057	0.046875	0.191931	0.575793	0.575793	0.0736751	0.11203	0.33609	0	0.0251015	0.401987	0.133996	0	0.0771538	0	0	1	0.5625	0.046875	0	0.0173611	0.000403887	0	
22	0.848285	0.151715	0	0.125	0.0625	0.594583	0.608526	0.608526	0.000172486	0.0625	0.212071	0.575793	0.575793	0.0564732	0.12416	0.331699	0	0.0188917	0.534339	0.178113	0	0.151091	1	0	1	0.5625	0.0625	0	0.0277778	0.000693239	0	
22	0.575793	0.424207	0	0.0625	0.03125	0.592299	0.608526	0.608526	0.000263301	0.03125	0.287897	0.575793	0.575793	0.0828845	0.165849	0.331699	0	0.027506	0.386269	0.128756	0	0.0741371	0	0	0	0.5625	0.03125	0	0.0121528	0.000150704	0	
22	0.424207	0.575793	0	0.03125	0.015625	0.627067	0.627067	0.627067	0	0.015625	0.424207	0.424207	0.424207	0	0.266006	0.266006	0.266006	0	0.513678	0	0.171226	0.0726353	0	0	0	0.5625	0.015625	0	0.00520833	5.42535e-05	1	
22	0.424207	0.575793	0	0.03125	0.015625	0.627067	0.627067	0.627067	0	0.015625	0.424207	0.424207	0.424207	0	0.266006	0.266006	0.266006	0	0.299499	0	0.0998331	0.0423499	0	0	0	0.5625	0.015625	0	0.00520833	5.42535e-05	1	
22	0.424207	0.575793	0	0.03125	0.015625	0.627067	0.627067	0.627067	0	0.015625	0.424207	0.424207	0.424207	0	0.266006	0.266006	0.266006	0	0.374903	0.124968	0	0.0530121	0	0	0	0.5625	0.015625	0	0.00520833	5.42535e-05	1	
23	0.600434	0.399566	0	0.09375	0.046875	0.585839	0.588103	0.588103	8.18564e-06	0.046875	0.200145	0.600434	0.600434	0.0801157	0.117705	0.353116	0	0.0277092	0.611275	0	0.203758	0.122343	0	0	1	0.5625	0.046875	0	0.0138889	0.000403887	1	
23	0.623328	0.376672	0	0.21875	0.109375	0.62255	0.773386	0.773386	0.00392997	0.109375	0.0890469	0.623328	0.623328	0.0475761	0.0519766	0.363836	0	0.0162094	0.409674	0.136558	0	0.0851206	0	0	1	0.5625	0.109375	0	0.046875	0.00184462	0	
24	0.408178	0.591822	0	0.25	0.125	0.623727	0.689938	0.689938	0.000841462	0.125	0.0510222	0.408178	0.408178	0.0182229	0.0326635	0.261308	0	0.00746831	0.402413	0	0.134138	0.0547521	0	0	1	0.6875	0.125	0	0.0440341	0.00265528	0	
24	0.408178	0.591822	0	0.21875	0.109375	0.614249	0.640181	0.640181	0.000245901	0.109375	0.0583111	0.408178	0.408178	0.0204011	0.0373297	0.261308	0	0.00836103	0.533608	0.177869	0	0.0726023	0	0	1	0.6875	0.109375	0	0.0383523	0.00201366	0	
24	0.308922	0.691078	0	0.09375	0.046875	0.662221	0.773386	0.773386	0.00620095	0.046875	0.102974	0.308922	0.308922	0.0212073	0.0630612	0.189184	0	0.00795344	0.440269	0.146756	0	0.0453363	0	0	0	0.6875	0.046875	0	0.0170455	0.000375291	0	
24	0.2829	0.7171	0	0.09375	0.046875	0.647973	0.682146	0.682146	0.000692495	0.046875	0.0942999	0.2829	0.2829	0.0177849	0.0582889	0.174867	0	0.0067952	0.569657	0	0.189886	0.0537186	0	0	0	0.6875	0.046875	0	0.0184659	0.000391432	1	
25	0.975479	0.0245207	0	0.09375	0.046875	0.585839	0.588103	0.588103	8.18564e-06	0.046875	0.32516	0.975479	0.975479	0.211458	0.191227	0.573682	0	0.0731357	0.611275	0	0.203758	0.198762	0	0	1	0.5625	0.046875	0	0.0173611	0.000403887	0	
25	0.226976	0.773024	0	0.3125	0.15625	0.622133	0.773386	0.773386	0.00336214	0.15625	0.0226976	0.226976	0.226976	0.00463663	0.014796	0.14796	0	0.00197029	0.401987	0.133996	0	0.0304138	0	0	1	0.5625	0.15625	0	0.0642361	0.00344208	0	
25	0.773024	0.226976	0	0.25	0.125	0.637988	0.682146	0.682146	0.000627868	0.125	0.096628	0.773024	0.773024	0.0653588	0.059728	0.477824	0	0.024972	0.421957	0	0.140652	0.108728	0	0	1	0.5625	0.125	0	0.0625	0.00227865	1	
25	0.226976	0.773024	0	0.15625	0.078125	0.580266	0.605909	0.605909	0.000230266	0.078125	0.0453952	0.226976	0.226976	0.0082429	0.0259386	0.129693	0	0.00269125	0.430567	0.143522	0	0.0325761	0	0	0	0.5625	0.078125	0	0.0381944	0.000928337	0	
26	0.182486	0.817514	0	0.1875	0.09375	0.61174	0.689938	0.689938	0.00143639	0.09375	0.0304144	0.182486	0.182486	0.00462517	0.0177005	0.106203	0	0.00156653	0.377191	0.12573	0	0.022944	0	0	1	0.8125	0.09375	0	0.0324519	0.00163242	0	
26	0.392666	0.607334	0	0.1875	0.09375	0.62753	0.773386	0.773386	0.00441309	0.09375	0.0654443	0.21018	0.21018	0.00862984	0.0387713	0.126425	0	0.00304051	0.409674	0.136558	0	0.0536218	0	0	1	0.8125	0.09375	0	0.0240385	0.00133772	0	
26	0.21018	0.78982	0	0.34375	0.171875	0.617653	0.773386	0.773386	0.0028348	0.171875	0.0191073	0.21018	0.21018	0.00365088	0.0114932	0.126425	0	0.00132094	0.401987	0.133996	0	0.0281632	0	0	1	0.8125	0.171875	0	0.0540865	0.0038918	1	
26	1	2.22045e-16	0.0258544	0.375	0.1875	0.594939	0.651859	0.651859	0.000507436	0.1875	0.0833333	0.607334	0.607334	0.0302498	0.0500045	0.364971	0	0.0109157	0.386269	0.128756	0	0.128756	1	0	0	0.8125	0.1875	0	0.0745192	0.00556467	0	
26	0.817514	0.182486	0	0.28125	0.140625	0.61928	0.682146	0.682146	0.000725877	0.140625	0.0908349	0.607334	0.607334	0.0376413	0.0545995	0.364971	0	0.0135952	0.421957	0	0.140652	0.114985	0	0	1	0.8125	0.140625	0	0.0444712	0.00311171	0	
26	0.607334	0.392666	0	0.125	0.0625	0.594571	0.605616	0.605616	0.000105814	0.0625	0.151833	0.607334	0.607334	0.0691602	0.0912426	0.364971	0	0.0249757	0.508129	0.169376	0	0.102868	0	0	0	0.8125	0.0625	0	0.0240385	0.000661636	0	
27	0.0817572	0.918243	0	0.1875	0.09375	0.607443	0.689938	0.689938	0.00158499	0.09375	0.0136262	0.0817572	0.0817572	0.000928368	0.00795361	0.0477217	0	0.000316299	0.535895	0	0.178632	0.0146044	0	0	1	0.625	0.09375	0	0.0296875	0.00177979	0	
27	0.918243	0.0817572	0	0.1875	0.09375	0.62067	0.689938	0.689938	0.00129618	0.09375	0.15304	0.918243	0.918243	0.117107	0.0872299	0.52338	0	0.0380453	0.402413	0	0.134138	0.123171	0	0	1	0.625	0.09375	0	0.03125	0.00175781	0	
27	0.0817572	0.918243	0	0.25	0.125	0.612555	0.689938	0.689938	0.0012346	0.125	0.0102197	0.0817572	0.0817572	0.000731089	0.00596521	0.0477217	0	0.000249086	0.377191	0.12573	0	0.0102794	0	0	1	0.625	0.125	0	0.040625	0.00279297	0	
27	0.918243	0.0817572	0	0.15625	0.078125	0.604783	0.629058	0.629058	0.000386831	0.078125	0.183649	0.918243	0.918243	0.134907	0.104676	0.52338	0	0.0438282	0.533608	0.177869	0	0.163327	0	0	1	0.625	0.078125	0	0.028125	0.00106445	0	
27	0.288362	0.711638	0	0.25	0.125	0.623739	0.773386	0.773386	0.0036851	0.125	0.0360452	0.206604	0.206604	0.00487194	0.0225883	0.132984	0	0.00198505	0.401987	0.133996	0	0.0386392	0	0	1	0.625	0.125	0	0.0453125	0.00260986	0	
27	0.711638	0.288362	0	0.125	0.0625	0.635095	0.682146	0.682146	0.000830595	0.0625	0.17791	0.711638	0.711638	0.0949555	0.10997	0.43988	0	0.0362802	0.421957	0	0.140652	0.100094	0	0	1	0.625	0.0625	0	0.0265625	0.000637207	1	
27	0.0817572	0.918243	0	0.125	0.0625	0.630981	0.655913	0.655913	0.000990038	0.0625	0.0204393	0.0817572	0.0817572	0.0012533	0.0134002	0.0536009	0	0.000538699	0.508129	0.169376	0	0.0138477	0	0	0	0.625	0.0625	0	0.028125	0.000625	0	
28	0.8188	0.1812	0	0.09375	0.046875	0.585839	0.588103	0.588103	8.18564e-06	0.046875	0.272933	0.8188	0.8188	0.148985	0.160513	0.481538	0	0.0515287	0.611275	0	0.203758	0.166837	0	0	1	0.6875	0.046875	0	0.0170455	0.000375291	1	
28	0.438886	0.561114	0	0.1875	0.09375	0.584491	0.605909	0.605909	0.000281136	0.09375	0.0731477	0.438886	0.438886	0.0267529	0.0417963	0.250778	0	0.00873466	0.430567	0.143522	0	0.0629899	0	0	0	0.6875	0.09375	0	0.0397727	0.00130343	0	
29	0.856313	0.143687	0	0.21875	0.109375	0.623227	0.704755	0.704755	0.00234153	0.109375	0.12233	0.773933	0.773933	0.0715722	0.0713839	0.451744	0	0.024386	0.535895	0	0.178632	0.152965	0	0	1	0.625	0.109375	0	0.0328125	0.00221924	0	
29	0.856313	0.143687	0	0.1875	0.09375	0.613869	0.689938	0.689938	0.0014784	0.09375	0.142719	0.773933	0.773933	0.0805911	0.0832812	0.451744	0	0.0274595	0.377191	0.12573	0	0.107664	0	0	1	0.625	0.09375	0	0.03125	0.00170898	0	
29	0.856313	0.143687	0	0.1875	0.09375	0.643096	0.773386	0.773386	0.00565503	0.09375	0.142719	0.773933	0.773933	0.0805911	0.0832812	0.451744	0	0.0274595	0.409674	0.136558	0	0.116937	0	0	1	0.625	0.09375	0	0.03125	0.00161133	0	
29	0.773933	0.226067	0	0.1875	0.09375	0.643344	0.773386	0.773386	0.00562503	0.09375	0.128989	0.773933	0.773933	0.0831906	0.0752907	0.451744	0	0.0283434	0.401987	0.133996	0	0.103704	0	0	1	0.625	0.09375	0	0.03125	0.00161133	1	
30	0.856313	0.143687	0	0.21875	0.109375	0.623227	0.704755	0.704755	0.00234153	0.109375	0.12233	0.490801	0.490801	0.038533	0.0713919	0.28648	0	0.0131249	0.535895	0	0.178632	0.152965	0	0	1	0.625	0.109375	0	0.034375	0.0021875	1	
30	0.856313	0.143687	0	0.1875	0.09375	0.613869	0.689938	0.689938	0.0014784	0.09375	0.142719	0.490801	0.490801	0.0420454	0.0832906	0.28648	0	0.0143214	0.377191	0.12573	0	0.107664	0	0	1	0.625	0.09375	0	0.0328125	0.00168213	0	
30	0.634488	0.365512	0	0.1875	0.09375	0.643096	0.773386	0.773386	0.00565503	0.09375	0.105748	0.490801	0.490801	0.0324059	0.061955	0.28648	0	0.0110513	0.409674	0.136558	0	0.0866445	0	0	1	0.625	0.09375	0	0.0390625	0.00167236	0	
31	0.182486	0.817514	0	0.1875	0.09375	0.61174	0.689938	0.689938	0.00143639	0.09375	0.0304144	0.182486	0.182486	0.00462517	0.0177528	0.106517	0	0.00157582	0.377191	0.12573	0	0.022944	0	0	1	0.8125	0.09375	0	0.0288462	0.00153419	1	
31	0.370957	0.629043	0	0.1875	0.09375	0.62753	0.773386	0.773386	0.00441309	0.09375	0.0618262	0.188471	0.188471	0.00764795	0.0366474	0.113367	0	0.00268997	0.409674	0.136558	0	0.0506572	0	0	1	0.8125	0.09375	0	0.0264423	0.00144173	0	
31	0.817514	0.182486	0	0.28125	0.140625	0.61928	0.682146	0.682146	0.000725877	0.140625	0.0908349	0.629043	0.629043	0.0396619	0.0545976	0.378011	0	0.014324	0.421957	0	0.140652	0.114985	0	0	1	0.8125	0.140625	0	0.0492788	0.00296147	1	
32	0.509714	0.490286	0	0.09375	0.046875	0.628996	0.689938	0.689938	0.00203952	0.046875	0.169905	0.509714	0.509714	0.0577353	0.0988807	0.296642	0	0.0195548	0.377191	0.12573	0	0.0640865	0	0	1	0.6875	0.046875	0	0.0170455	0.000508458	1	
32	0.752099	0.247901	0	0.0625	0.03125	0.60005	0.618123	0.618123	0.000326629	0.03125	0.37605	0.509714	0.509714	0.0178663	0.223233	0.296642	0.149824	0.00538892	0.409674	0.136558	0	0.102705	0	0	1	0.6875	0.03125	0	0.00994318	0.000189663	0	
32	0.242385	0.757615	0	0.0625	0.03125	0.650134	0.682146	0.682146	0.00102473	0.03125	0.121192	0.242385	0.242385	0.0146876	0.0749118	0.149824	0	0.00561178	0.569657	0	0.189886	0.0460254	0	0	0	0.6875	0.03125	0	0.00710227	0.000149309	0	
32	0.757615	0.242385	0	0.1875	0.09375	0.582225	0.605909	0.605909	0.000217036	0.09375	0.126269	0.752099	0.752099	0.0783367	0.0721677	0.429746	0	0.0255739	0.534339	0.178113	0	0.134941	1	0	1	0.6875	0.09375	0	0.046875	0.00128729	0	
32	1	1.11022e-16	0.0112702	0.25	0.125	0.589529	0.605909	0.605909	0.000231235	0.125	0.125	0.504198	0.504198	0.0315157	0.0746771	0.300217	0	0.0112107	0.386269	0.128756	0	0.128756	1	0	0	0.6875	0.125	0	0.0625	0.00244141	0	
32	0.490286	0.509714	0	0.15625	0.078125	0.622546	0.682146	0.682146	0.000920401	0.078125	0.0980571	0.247901	0.247901	0.0144258	0.0599912	0.150133	0	0.00539843	0.421957	0	0.140652	0.0689598	0	0	1	0.6875	0.078125	0	0.03125	0.000887784	0	
32	0.495802	0.504198	0	0.125	0.0625	0.594571	0.605616	0.605616	0.000105814	0.0625	0.12395	0.247901	0.247901	0.0153637	0.0742999	0.150133	0	0.00552166	0.508129	0.169376	0	0.083977	0	0	0	0.6875	0.0625	0	0.0284091	0.000657767	0	
33	0.602257	0.397743	0	0.1875	0.09375	0.62753	0.773386	0.773386	0.00441309	0.09375	0.100376	0.571242	0.571242	0.0444712	0.0618669	0.353098	0	0.0170068	0.409674	0.136558	0	0.0822431	0	0	1	0.8125	0.09375	0	0.03125	0.0013146	0	
33	0.571242	0.428758	0	0.125	0.0625	0.650997	0.682146	0.682146	0.000513109	0.0625	0.14281	0.571242	0.571242	0.0611845	0.0882745	0.353098	0	0.0233771	0.569657	0	0.189886	0.108471	0	0	0	0.8125	0.0625	0	0.0168269	0.000580737	1	
33	0.428758	0.571242	0	0.25	0.125	0.583573	0.606488	0.606488	0.00025727	0.125	0.0535948	0.428758	0.428758	0.0201068	0.0306238	0.244991	0	0.00656473	0.534339	0.178113	0	0.0763673	1	0	1	0.8125	0.125	0	0.0504808	0.00222182	1	
33	0.857516	0.142484	0	0.125	0.0625	0.594571	0.605616	0.605616	0.000105814	0.0625	0.214379	0.428758	0.428758	0.0459584	0.128506	0.259663	0	0.0165173	0.508129	0.169376	0	0.145243	0	0	0	0.8125	0.0625	0	0.0240385	0.000661636	0	
34	0.939264	0.0607355	0	0.25	0.125	0.583573	0.606488	0.606488	0.00025727	0.125	0.117408	0.517602	0.517602	0.0419292	0.066514	0.295756	0	0.0134929	0.534339	0.178113	0	0.167295	1	0	1	0.6875	0.125	0	0.0454545	0.00223964	0	
34	0.578337	0.421663	0	0.15625	0.078125	0.582832	0.59325	0.59325	6.42158e-05	0.078125	0.115667	0.517602	0.517602	0.0409411	0.0662574	0.295756	0	0.0133567	0.579242	0	0.193081	0.111666	0	0	1	0.6875	0.078125	0	0.0284091	0.00114605	1	
35	0.817514	0.182486	0	0.21875	0.109375	0.608886	0.64081	0.64081	0.000175042	0.109375	0.116788	0.817514	0.817514	0.0818362	0.0748387	0.523871	0	0.033605	0.421957	0	0.140652	0.114985	0	0	1	0.75	0.109375	0	0.0364583	0.00176324	1	
36	0.923091	0.076909	0	0.1875	0.09375	0.605178	0.630594	0.630594	0.000158805	0.09375	0.153848	0.923091	0.923091	0.118347	0.0928756	0.557254	0	0.0431294	0.533608	0.177869	0	0.16419	0	0	1	0.8125	0.09375	0	0.0324519	0.00170754	1	
36	0.639149	0.360851	0	0.125	0.0625	0.649877	0.773386	0.773386	0.00512123	0.0625	0.159787	0.639149	0.639149	0.0765959	0.0961135	0.384454	0	0.0277134	0.409674	0.136558	0	0.087281	0	0	1	0.8125	0.0625	0	0.0180288	0.000632743	0	
36	0.923091	0.076909	0	0.28125	0.140625	0.61928	0.682146	0.682146	0.000725877	0.140625	0.102566	0.639149	0.639149	0.0438286	0.0616759	0.384454	0	0.0158538	0.421957	0	0.140652	0.129835	0	0	1	0.8125	0.140625	0	0.0492788	0.00296147	0	
36	0.923091	0.076909	0	0.125	0.0625	0.582287	0.59325	0.59325	7.87815e-05	0.0625	0.230773	0.923091	0.923091	0.159768	0.131863	0.52745	0	0.0521633	0.579242	0	0.193081	0.178231	0	0	1	0.8125	0.0625	0	0.0252404	0.000733866	0	
37	0.874032	0.125968	0	0.09375	0.046875	0.585839	0.588103	0.588103	8.18564e-06	0.046875	0.291344	0.874032	0.874032	0.169763	0.17134	0.51402	0	0.0587148	0.611275	0	0.203758	0.178091	0	0	1	0.625	0.046875	0	0.01875	0.000380859	1	
37	0.502194	0.497806	0	0.1875	0.09375	0.643096	0.773386	0.773386	0.00565503	0.09375	0.083699	0.502194	0.502194	0.0350276	0.048855	0.29313	0	0.0119341	0.409674	0.136558	0	0.0685787	0	0	1	0.625	0.09375	0	0.0421875	0.00151611	0	
38	0.809037	0.190963	0	0.3125	0.15625	0.654882	0.766601	0.766601	0.00287712	0.15625	0.0809037	0.809037	0.809037	0.0589087	0.0461135	0.461135	0	0.0191381	0.402413	0	0.134138	0.108522	0	0	1	0.6875	0.15625	0	0.0525568	0.00400713	1	
38	0.809037	0.190963	0	0.1875	0.09375	0.644526	0.766601	0.766601	0.00375617	0.09375	0.134839	0.809037	0.809037	0.0909084	0.0768558	0.461135	0	0.029534	0.533608	0.177869	0	0.143903	0	0	1	0.6875	0.09375	0	0.0326705	0.00152941	0	
38	0.999705	0.000294897	0	0.09375	0.046875	0.577254	0.588103	0.588103	0.00012517	0.046875	0.333235	0.999705	0.999705	0.222091	0.195976	0.587929	0	0.0768135	0.526219	0	0.175406	0.175355	0	0	1	0.6875	0.046875	0	0.0170455	0.000375291	0	
38	0.809037	0.190963	0	0.15625	0.078125	0.615758	0.653901	0.653901	0.000474487	0.078125	0.161807	0.809037	0.809037	0.104727	0.100555	0.502774	0	0.0404451	0.534339	0.178113	0	0.1441	1	0	1	0.6875	0.078125	0	0.0326705	0.000819183	0	
39	0.874032	0.125968	0	0.09375	0.046875	0.585839	0.588103	0.588103	8.18564e-06	0.046875	0.291344	0.874032	0.874032	0.169763	0.17134	0.51402	0	0.0587148	0.611275	0	0.203758	0.178091	0	0	1	0.8125	0.046875	0	0.0144231	0.000355376	1	
39	0.538974	0.461026	0	0.125	0.0625	0.649877	0.773386	0.773386	0.00512123	0.0625	0.134743	0.538974	0.538974	0.0544674	0.0810494	0.324198	0	0.019707	0.409674	0.136558	0	0.0736013	0	0	1	0.8125	0.0625	0	0.0180288	0.000632743	0	
40	0.382858	0.617142	0	0.34375	0.171875	0.617995	0.689938	0.689938	0.00071101	0.171875	0.0348053	0.382858	0.382858	0.0121141	0.0223036	0.245339	0	0.00497449	0.402413	0	0.134138	0.0513557	0	0	1	0.8125	0.171875	0	0.0552885	0.00449277	1	
40	0.382858	0.617142	0	0.25	0.125	0.611021	0.64081	0.64081	0.000259094	0.125	0.0478573	0.382858	0.382858	0.0160322	0.0306674	0.245339	0	0.00658343	0.533608	0.177869	0	0.0680987	0	0	1	0.8125	0.125	0	0.0372596	0.00242407	0	
40	0.78929	0.21071	0	0.25	0.125	0.583573	0.606488	0.606488	0.00025727	0.125	0.0986613	0.78929	0.78929	0.0681383	0.0563746	0.450997	0	0.0222467	0.534339	0.178113	0	0.140583	1	0	1	0.8125	0.125	0	0.0432692	0.00199646	0	
40	0.21071	0.78929	0	0.03125	0.015625	0.627067	0.627067	0.627067	0	0.015625	0.21071	0.21071	0.21071	0	0.132129	0.132129	0.132129	0	0.513678	0	0.171226	0.036079	0	0	0	0.8125	0.015625	0	0.00360577	4.33386e-05	0	
40	0.21071	0.78929	0	0.03125	0.015625	0.627067	0.627067	0.627067	0	0.015625	0.21071	0.21071	0.21071	0	0.132129	0.132129	0.132129	0	0.299499	0	0.0998331	0.0210358	0	0	0	0.8125	0.015625	0	0.00360577	4.33386e-05	0	
40	0.21071	0.78929	0	0.03125	0.015625	0.627067	0.627067	0.627067	0	0.015625	0.21071	0.21071	0.21071	0	0.132129	0.132129	0.132129	0	0.374903	0.124968	0	0.0263319	0	0	0	0.8125	0.015625	0	0.00360577	4.33386e-05	0	
40	0.406432	0.593568	0	0.125	0.0625	0.594571	0.605616	0.605616	0.000105814	0.0625	0.101608	0.21071	0.21071	0.0103523	0.0613065	0.127609	0	0.00377097	0.508129	0.169376	0	0.0688399	0	0	0	0.8125	0.0625	0	0.0240385	0.000661636	0	
41	0.538974	0.461026	0	0.125	0.0625	0.649877	0.773386	0.773386	0.00512123	0.0625	0.134743	0.538974	0.538974	0.0544674	0.0810494	0.324198	0	0.019707	0.409674	0.136558	0	0.0736013	0	0	1	0.875	0.0625	0	0.0167411	0.000609106	0	
41	0.891788	0.108212	0	0.28125	0.140625	0.61928	0.682146	0.682146	0.000725877	0.140625	0.0990876	0.538974	0.538974	0.0362895	0.0595794	0.324198	0	0.0131231	0.421957	0	0.140652	0.125432	0	0	1	0.875	0.140625	0	0.0457589	0.002911	0	
41	0.945894	0.054106	0	0.15625	0.078125	0.586299	0.602348	0.602348	0.000127418	0.078125	0.189179	0.945894	0.945894	0.143154	0.108096	0.54048	0	0.046739	0.579242	0	0.193081	0.182634	0	0	1	0.875	0.078125	0	0.03125	0.00115095	1	
42	0.944194	0.0558058	0	0.09375	0.046875	0.60432	0.604771	0.604771	2.14921e-07	0.046875	0.314731	0.832583	0.832583	0.134085	0.190033	0.502616	0.0337349	0.0488538	0.535895	0	0.178632	0.168663	0	0	1	0.875	0.046875	0	0.0167411	0.000399843	1	
42	0.538974	0.461026	0	0.125	0.0625	0.649877	0.773386	0.773386	0.00512123	0.0625	0.134743	0.538974	0.538974	0.0544674	0.0810494	0.324198	0	0.019707	0.409674	0.136558	0	0.0736013	0	0	1	0.875	0.0625	0	0.0167411	0.000609106	0	
42	0.888388	0.111612	0	0.28125	0.140625	0.61928	0.682146	0.682146	0.000725877	0.140625	0.0987098	0.538974	0.538974	0.036099	0.0593524	0.324198	0	0.0130543	0.421957	0	0.140652	0.124954	0	0	1	0.875	0.140625	0	0.0457589	0.002911	0	
43	0.485307	0.514693	0	0.125	0.0625	0.649877	0.773386	0.773386	0.00512123	0.0625	0.121327	0.485307	0.485307	0.0441606	0.0729792	0.291917	0	0.0159779	0.409674	0.136558	0	0.0662726	0	0	1	0.9375	0.0625	0	0.015625	0.000585937	0	
43	0.954378	0.0456215	0	0.25	0.125	0.583573	0.606488	0.606488	0.00025727	0.125	0.119297	0.954378	0.954378	0.0996229	0.068166	0.545328	0	0.0325262	0.534339	0.178113	0	0.169987	1	0	1	0.9375	0.125	0	0.0489583	0.00191623	1	
43	0.817514	0.182486	0	0.28125	0.140625	0.61928	0.682146	0.682146	0.000725877	0.140625	0.0908349	0.485307	0.485307	0.0301806	0.0546166	0.291917	0	0.0109135	0.421957	0	0.140652	0.114985	0	0	1	0.9375	0.140625	0	0.0427083	0.00284722	0	
43	0.0912431	0.908757	0	0.125	0.0625	0.594571	0.605616	0.605616	0.000105814	0.0625	0.0228108	0.0456215	0.0456215	0.000520331	0.013364	0.027065	0	0.000178654	0.508129	0.169376	0	0.0154544	0	0	0	0.9375	0.0625	0	0.021875	0.000611979	0	
44	0.502194	0.497806	0	0.1875	0.09375	0.643096	0.773386	0.773386	0.00565503	0.09375	0.083699	0.502194	0.502194	0.0350276	0.048855	0.29313	0	0.0119341	0.409674	0.136558	0	0.0685787	0	0	1	0.6875	0.09375	0	0.0383523	0.00152537	0	
44	0.853671	0.146329	0	0.09375	0.046875	0.577254	0.588103	0.588103	0.00012517	0.046875	0.284557	0.853671	0.853671	0.161945	0.167349	0.502046	0	0.0560111	0.526219	0	0.175406	0.149739	0	0	1	0.6875	0.046875	0	0.0170455	0.000375291	1	
45	0.369217	0.630783	0	0.125	0.0625	0.649877	0.773386	0.773386	0.00512123	0.0625	0.0923043	0.369217	0.369217	0.0255603	0.0555219	0.222088	0	0.00924805	0.409674	0.136558	0	0.0504196	0	0	1	1	0.0625	0	0.015625	0.000549316	0	
45	0.817514	0.182486	0	0.28125	0.140625	0.61928	0.682146	0.682146	0.000725877	0.140625	0.0908349	0.448296	0.448296	0.0292258	0.0546092	0.269395	0	0.0105619	0.421957	0	0.140652	0.114985	0	0	1	1	0.140625	0	0.0419922	0.00267696	0	
45	0.136865	0.863135	0	0.15625	0.078125	0.591413	0.605616	0.605616	0.000124547	0.078125	0.0273729	0.0456215	0.0456215	0.000499518	0.0159722	0.027065	0	0.000170133	0.508129	0.169376	0	0.0231816	0	0	0	1	0.078125	0	0.0234375	0.000762939	1	
46	0.502194	0.497806	0	0.1875	0.09375	0.643096	0.773386	0.773386	0.00565503	0.09375	0.083699	0.502194	0.502194	0.0350276	0.048855	0.29313	0	0.0119341	0.409674	0.136558	0	0.0685787	0	0	1	0.6875	0.09375	0	0.03125	0.00146484	1	
47	0.851881	0.148119	0	0.1875	0.09375	0.613869	0.689938	0.689938	0.0014784	0.09375	0.14198	0.851881	0.851881	0.100792	0.0828737	0.497242	0	0.0343403	0.377191	0.12573	0	0.107107	0	0	1	0.75	0.09375	0	0.0325521	0.00128004	1	
