QID	cand_solfracs	cand_slack	dual_coil	coil_cons_degree	coil_obj_count	coil_obj_mean	coil_obj_max	coil_obj_min	coil_obj_variance	coil_y_count	coil_y_mean	coil_y_max	coil_y_min	coil_y_variance	coil_product_mean	coil_product_max	coil_product_min	coil_product_variance	coil_weight	coil_weight_C512	coil_weight_C008	coil_weight_RH	coil_num_SR	coil_constraint_bc	coil_in_up	coil_cons_bind_count	coil_cons_bind_max	coil_cons_bind_min	coil_cons_bind_mean	coil_cons_bind_variance	coil_label	
0	0.655287	0.344713	0	0.125	0.0625	0.644716	0.679453	0.679453	0.00114024	0.0625	0.163822	0.655287	0.655287	0.0805127	0.0973322	0.389329	0	0.0284207	0.576698	0.192233	0	0.125968	0	0	0	0.5625	0.0625	0	0.0277778	0.000693239	0	
0	0.483873	0.516127	0	0.15625	0.078125	0.639558	0.67957	0.67957	0.000985708	0.078125	0.0967746	0.483873	0.483873	0.0374613	0.0574869	0.287435	0	0.013219	0.401116	0	0.133705	0.0646964	0	0	0	0.5625	0.078125	0	0.0225694	0.000982591	1	
0	0.516127	0.483873	0	0.125	0.0625	0.616663	0.632124	0.632124	0.000201524	0.0625	0.129032	0.516127	0.516127	0.0499476	0.0766941	0.306776	0	0.0176459	0.359097	0.119699	0	0.0617799	0	0	1	0.5625	0.0625	0	0.0208333	0.000868056	0	
0	0.483873	0.516127	0	0.15625	0.078125	0.644025	0.670796	0.670796	0.000820973	0.078125	0.0967746	0.483873	0.483873	0.0374613	0.0574869	0.287435	0	0.013219	0.473456	0	0.157819	0.0763641	0	0	0	0.5625	0.078125	0	0.0225694	0.0010911	1	
0	0.483873	0.516127	0	0.21875	0.109375	0.64798	0.700526	0.700526	0.00114543	0.109375	0.0691247	0.483873	0.483873	0.0286694	0.0410621	0.287435	0	0.0101166	0.408557	0	0.136186	0.0658965	0	0	0	0.5625	0.109375	0	0.0329861	0.00224851	0	
0	0.516127	0.483873	0	0.15625	0.078125	0.652058	0.700526	0.700526	0.00141436	0.078125	0.103225	0.516127	0.516127	0.0426219	0.0613552	0.306776	0	0.0150579	0.494994	0	0.164998	0.0851599	0	0	1	0.5625	0.078125	0	0.0243056	0.0011996	0	
0	0.516127	0.483873	0	0.1875	0.09375	0.64323	0.700526	0.700526	0.00127578	0.09375	0.0860212	0.516127	0.516127	0.0369982	0.0511294	0.306776	0	0.0130711	0.365789	0.12193	0	0.0629312	0	0	1	0.5625	0.09375	0	0.03125	0.00195312	0	
1	0.360625	0.639375	0	0.125	0.0625	0.622981	0.679453	0.679453	0.00116149	0.0625	0.0901564	0.360625	0.360625	0.0243845	0.0544754	0.217902	0	0.0089027	0.486206	0.162069	0	0.0584461	1	0	1	0.4375	0.0625	0	0.03125	0.000767299	0	
1	0.299561	0.700439	0	0.28125	0.140625	0.618145	0.700413	0.700413	0.00199399	0.140625	0.0332846	0.299561	0.299561	0.00886292	0.0192141	0.172926	0	0.00295344	0.471959	0	0.15732	0.0471268	0	0	1	0.4375	0.140625	0	0.0691964	0.00396604	1	
1	0.360625	0.639375	0	0.125	0.0625	0.601613	0.618152	0.618152	0.00011787	0.0625	0.0901564	0.360625	0.360625	0.0243845	0.0544754	0.217902	0	0.0089027	0.397424	0	0.132475	0.0477737	0	0	1	0.4375	0.0625	0	0.03125	0.000837054	0	
1	0.639375	0.360625	0	0.15625	0.078125	0.578064	0.593983	0.593983	0.000132427	0.078125	0.127875	0.639375	0.639375	0.065408	0.0729341	0.36467	0	0.0212775	0.608722	0	0.202907	0.129734	1	0	1	0.4375	0.078125	0	0.0379464	0.00131537	0	
2	0.772665	0.227335	0	0.125	0.0625	0.644716	0.679453	0.679453	0.00114024	0.0625	0.193166	0.772665	0.772665	0.11194	0.114767	0.459067	0	0.0395143	0.576698	0.192233	0	0.148531	0	0	0	0.625	0.0625	0	0.025	0.000693359	0	
2	0.577256	0.422744	0	0.0625	0.03125	0.653119	0.700413	0.700413	0.0022368	0.03125	0.288628	0.577256	0.577256	0.083306	0.174858	0.349715	0	0.0305752	0.346744	0	0.115581	0.0667199	0	0	0	0.625	0.03125	0	0.0078125	0.000158691	1	
2	0.577256	0.422744	0	0.03125	0.015625	0.605824	0.605824	0.605824	0	0.015625	0.577256	0.577256	0.577256	0	0.349715	0.349715	0.349715	0	0.431291	0	0.143764	0.0829884	0	0	0	0.625	0.015625	0	0.003125	3.90625e-05	1	
2	0.422744	0.577256	0	0.125	0.0625	0.62082	0.648753	0.648753	0.000381923	0.0625	0.105686	0.422744	0.422744	0.0335087	0.0628179	0.251271	0	0.0118382	0.359097	0.119699	0	0.0506021	0	0	1	0.625	0.0625	0	0.01875	0.000820312	0	
2	0.577256	0.422744	0	0.03125	0.015625	0.605824	0.605824	0.605824	0	0.015625	0.577256	0.577256	0.577256	0	0.349715	0.349715	0.349715	0	0.377597	0	0.125866	0.0726567	0	0	0	0.625	0.015625	0	0.003125	3.90625e-05	1	
2	0.422744	0.577256	0	0.125	0.0625	0.642149	0.700526	0.700526	0.00150737	0.0625	0.105686	0.422744	0.422744	0.0335087	0.0628179	0.251271	0	0.0118382	0.494994	0	0.164998	0.0697519	0	0	1	0.625	0.0625	0	0.01875	0.000820312	0	
2	0.422744	0.577256	0	0.125	0.0625	0.633764	0.700526	0.700526	0.00160758	0.0625	0.105686	0.422744	0.422744	0.0335087	0.0628179	0.251271	0	0.0118382	0.365789	0.12193	0	0.0515451	0	0	1	0.625	0.0625	0	0.01875	0.000820312	0	
3	0.360625	0.639375	0	0.125	0.0625	0.622981	0.679453	0.679453	0.00116149	0.0625	0.0901564	0.360625	0.360625	0.0243845	0.0544754	0.217902	0	0.0089027	0.486206	0.162069	0	0.0584461	1	0	1	0.5	0.0625	0	0.0234375	0.000732422	0	
3	0.569704	0.430296	0	0.28125	0.140625	0.618145	0.700413	0.700413	0.00199399	0.140625	0.0633005	0.569704	0.569704	0.0320556	0.0365412	0.328871	0	0.0106821	0.471959	0	0.15732	0.0896256	0	0	1	0.5	0.140625	0	0.0703125	0.00323486	1	
3	0.360625	0.639375	0	0.1875	0.09375	0.596928	0.618152	0.618152	0.00013497	0.09375	0.0601042	0.360625	0.360625	0.0180626	0.0363169	0.217902	0	0.00659459	0.397424	0	0.132475	0.0477737	0	0	1	0.5	0.09375	0	0.0371094	0.00170517	0	
3	0.639375	0.360625	0	0.21875	0.109375	0.580776	0.593983	0.593983	0.00012368	0.109375	0.0913392	0.639375	0.639375	0.0500571	0.0520958	0.36467	0	0.0162838	0.608722	0	0.202907	0.129734	1	0	1	0.5	0.109375	0	0.0449219	0.00234604	0	
4	0.345826	0.654174	0	0.125	0.0625	0.644716	0.679453	0.679453	0.00114024	0.0625	0.0864564	0.345826	0.345826	0.0224241	0.0513668	0.205467	0	0.00791564	0.576698	0.192233	0	0.066479	0	0	0	0.6875	0.0625	0	0.0241477	0.00063759	1	
4	0.471002	0.528998	0	0.09375	0.046875	0.650246	0.67957	0.67957	0.000545572	0.046875	0.157001	0.471002	0.471002	0.0492983	0.101855	0.305564	0	0.0207487	0.401116	0	0.133705	0.0629754	0	0	0	0.6875	0.046875	0	0.0127841	0.000347043	0	
4	1	1.11022e-16	0	0.125	0.0625	0.62082	0.648753	0.648753	0.000381923	0.0625	0.25	0.528998	0.528998	0.0629205	0.154998	0.314427	0	0.0240341	0.359097	0.119699	0	0.119699	0	0	1	0.6875	0.0625	0	0.0170455	0.000774793	0	
4	0.471002	0.528998	0	0.09375	0.046875	0.65483	0.700526	0.700526	0.0012316	0.046875	0.157001	0.471002	0.471002	0.0492983	0.101855	0.305564	0	0.0207487	0.408557	0	0.136186	0.0641436	0	0	0	0.6875	0.046875	0	0.0127841	0.000435821	0	
4	1	1.11022e-16	0	0.125	0.0625	0.642149	0.700526	0.700526	0.00150737	0.0625	0.25	0.528998	0.528998	0.0629205	0.154998	0.314427	0	0.0240341	0.494994	0	0.164998	0.164998	0	0	1	0.6875	0.0625	0	0.0170455	0.000774793	0	
4	0.528998	0.471002	0	0.125	0.0625	0.633764	0.700526	0.700526	0.00160758	0.0625	0.13225	0.528998	0.528998	0.0524699	0.0786067	0.314427	0	0.018537	0.365789	0.12193	0	0.0645006	0	0	1	0.6875	0.0625	0	0.0170455	0.000774793	0	
5	0.410849	0.589151	0	0.125	0.0625	0.615507	0.670945	0.670945	0.00167044	0.0625	0.102712	0.410849	0.410849	0.0316494	0.0610249	0.2441	0	0.0111721	0.561109	0	0.187036	0.0768437	0	0	1	0.5	0.0625	0	0.0253906	0.000850677	1	
5	0.360625	0.639375	0	0.125	0.0625	0.622981	0.679453	0.679453	0.00116149	0.0625	0.0901564	0.360625	0.360625	0.0243845	0.0544754	0.217902	0	0.0089027	0.486206	0.162069	0	0.0584461	1	0	1	0.5	0.0625	0	0.0273438	0.000778198	0	
5	0.360625	0.639375	0	0.125	0.0625	0.601613	0.618152	0.618152	0.00011787	0.0625	0.0901564	0.360625	0.360625	0.0243845	0.0544754	0.217902	0	0.0089027	0.397424	0	0.132475	0.0477737	0	0	1	0.5	0.0625	0	0.0273438	0.000839233	0	
5	0.639375	0.360625	0	0.15625	0.078125	0.578064	0.593983	0.593983	0.000132427	0.078125	0.127875	0.639375	0.639375	0.065408	0.0729341	0.36467	0	0.0212775	0.608722	0	0.202907	0.129734	1	0	1	0.5	0.078125	0	0.0332031	0.00130844	0	
6	0.17529	0.82471	0	0.03125	0.015625	0.615927	0.615927	0.615927	0	0.015625	0.17529	0.17529	0.17529	0	0.107966	0.107966	0.107966	0	0.371846	0	0.123949	0.021727	0	0	0	0.375	0.015625	0	0.0078125	6.10352e-05	0	
6	0.488275	0.511725	0	0.15625	0.078125	0.624058	0.653635	0.653635	0.00037993	0.078125	0.097655	0.488275	0.488275	0.038146	0.0617301	0.30865	0	0.0152424	0.359097	0.119699	0	0.0584461	0	0	1	0.375	0.078125	0	0.0442708	0.00125461	1	
7	0.053495	0.946505	0	0.0625	0.03125	0.61775	0.624938	0.624938	5.16575e-05	0.03125	0.0267475	0.053495	0.053495	0.000715428	0.0167155	0.033431	0	0.000279408	0.507518	0.169173	0	0.00904988	0	0	1	0.6875	0.03125	0	0.00710227	0.000149309	0	
7	0.933425	0.0665747	0	0.125	0.0625	0.649241	0.700526	0.700526	0.00101739	0.0625	0.233356	0.933425	0.933425	0.163366	0.147592	0.59037	0	0.0653505	0.408557	0	0.136186	0.127119	0	0	0	0.6875	0.0625	0	0.0170455	0.000774793	1	
8	0.0404271	0.959573	0	0.21875	0.109375	0.614944	0.679453	0.679453	0.00172662	0.109375	0.0057753	0.0404271	0.0404271	0.000200124	0.00329397	0.0230578	0	6.51013e-05	0.408305	0.136102	0	0.00550219	0	0	0	0.625	0.109375	0	0.040625	0.00196289	0	
8	0.54996	0.45004	0	0.125	0.0625	0.622981	0.679453	0.679453	0.00116149	0.0625	0.13749	0.54996	0.54996	0.0567104	0.0811309	0.324524	0	0.0197467	0.486206	0.162069	0	0.0891312	1	0	1	0.625	0.0625	0	0.0203125	0.000637207	1	
8	0.959573	0.0404271	0	0.1875	0.09375	0.596928	0.618152	0.618152	0.00013497	0.09375	0.159929	0.54996	0.54996	0.0527959	0.0937814	0.324524	0	0.0182114	0.397424	0	0.132475	0.127119	0	0	1	0.625	0.09375	0	0.0328125	0.00168213	0	
8	0.0404271	0.959573	0	0.125	0.0625	0.584168	0.604232	0.604232	0.000236968	0.0625	0.0101068	0.0404271	0.0404271	0.00030644	0.00576444	0.0230578	0	9.96864e-05	0.443055	0.147685	0	0.00597047	0	0	0	0.625	0.0625	0	0.0234375	0.000842285	0	
9	0.966074	0.0339256	0	0.03125	0.015625	0.562618	0.562618	0.562618	0	0.015625	0.966074	0.966074	0.966074	0	0.54353	0.54353	0.54353	0	0.561109	0	0.187036	0.180691	0	0	1	0.4375	0.015625	0	0.00669643	5.97895e-05	0	
9	0.966074	0.0339256	0	0.03125	0.015625	0.562618	0.562618	0.562618	0	0.015625	0.966074	0.966074	0.966074	0	0.54353	0.54353	0.54353	0	0.550427	0.183476	0	0.177251	0	0	1	0.4375	0.015625	0	0.00669643	5.97895e-05	0	
9	0.0339256	0.966074	0	0.0625	0.03125	0.61775	0.624938	0.624938	5.16575e-05	0.03125	0.0169628	0.0339256	0.0339256	0.000287737	0.0103569	0.0207137	0	0.000107265	0.507518	0.169173	0	0.00573928	0	0	1	0.4375	0.03125	0	0.0111607	0.000189334	0	
9	0.0339256	0.966074	0	0.0625	0.03125	0.655544	0.700526	0.700526	0.00202334	0.03125	0.0169628	0.0339256	0.0339256	0.000287737	0.0103569	0.0207137	0	0.000107265	0.491525	0.163842	0	0.00555843	0	0	0	0.4375	0.03125	0	0.0133929	0.000169404	1	
9	0.0339256	0.966074	0	0.03125	0.015625	0.610563	0.610563	0.610563	0	0.015625	0.0339256	0.0339256	0.0339256	0	0.0207137	0.0207137	0.0207137	0	0.351654	0.117218	0	0.0039767	0	0	0	0.4375	0.015625	0	0.00446429	4.98246e-05	1	
9	0.983508	0.0164922	0	0.15625	0.078125	0.640215	0.700526	0.700526	0.00122086	0.078125	0.196702	0.983508	0.983508	0.154766	0.124409	0.622046	0	0.0619105	0.494994	0	0.164998	0.162277	0	0	1	0.4375	0.078125	0	0.0401786	0.00131537	0	
10	0.413829	0.586171	0	0.15625	0.078125	0.590842	0.618152	0.618152	0.000376826	0.078125	0.0827659	0.413829	0.413829	0.0274008	0.0472059	0.23603	0	0.00891359	0.408305	0.136102	0	0.0563229	0	0	0	0.6875	0.078125	0	0.0426136	0.00124693	0	
10	0.586171	0.413829	0	0.09375	0.046875	0.604157	0.618152	0.618152	0.000131283	0.046875	0.19539	0.586171	0.586171	0.0763547	0.115297	0.345891	0	0.0265868	0.486206	0.162069	0	0.0949999	0	0	1	0.6875	0.046875	0	0.0255682	0.000455998	0	
10	0.216102	0.783898	0	0.03125	0.015625	0.618075	0.618075	0.618075	0	0.015625	0.216102	0.216102	0.216102	0	0.133568	0.133568	0.133568	0	0.372812	0	0.124271	0.0268552	0	0	0	0.6875	0.015625	0	0.00284091	3.63184e-05	1	
10	0.216102	0.783898	0	0.03125	0.015625	0.618075	0.618075	0.618075	0	0.015625	0.216102	0.216102	0.216102	0	0.133568	0.133568	0.133568	0	0.431291	0	0.143764	0.0310677	0	0	0	0.6875	0.015625	0	0.00284091	3.63184e-05	1	
10	0.586171	0.413829	0	0.1875	0.09375	0.596928	0.618152	0.618152	0.00013497	0.09375	0.0976951	0.586171	0.586171	0.0477217	0.0576486	0.345891	0	0.0166168	0.397424	0	0.132475	0.0776527	0	0	1	0.6875	0.09375	0	0.0482955	0.00152941	0	
10	0.783898	0.216102	0	0.0625	0.03125	0.61775	0.624938	0.624938	5.16575e-05	0.03125	0.391949	0.783898	0.783898	0.153624	0.244943	0.489887	0	0.0599973	0.507518	0.169173	0	0.132614	0	0	1	0.6875	0.03125	0	0.00710227	0.000149309	0	
10	0.413829	0.586171	0	0.125	0.0625	0.584168	0.604232	0.604232	0.000236968	0.0625	0.103457	0.413829	0.413829	0.0321103	0.0590074	0.23603	0	0.0104456	0.443055	0.147685	0	0.0611164	0	0	0	0.6875	0.0625	0	0.0340909	0.000746546	0	
10	0.783898	0.216102	0	0.0625	0.03125	0.609659	0.624938	0.624938	0.000233421	0.03125	0.391949	0.783898	0.783898	0.153624	0.244943	0.489887	0	0.0599973	0.359097	0.119699	0	0.0938318	0	0	1	0.6875	0.03125	0	0.00852273	0.000193698	0	
10	0.216102	0.783898	0	0.03125	0.015625	0.618075	0.618075	0.618075	0	0.015625	0.216102	0.216102	0.216102	0	0.133568	0.133568	0.133568	0	0.377597	0	0.125866	0.0271999	0	0	0	0.6875	0.015625	0	0.00284091	3.63184e-05	1	
10	0.783898	0.216102	0	0.0625	0.03125	0.609659	0.624938	0.624938	0.000233421	0.03125	0.391949	0.783898	0.783898	0.153624	0.244943	0.489887	0	0.0599973	0.494994	0	0.164998	0.129341	0	0	1	0.6875	0.03125	0	0.00852273	0.000193698	1	
10	0.783898	0.216102	0	0.0625	0.03125	0.609659	0.624938	0.624938	0.000233421	0.03125	0.391949	0.783898	0.783898	0.153624	0.244943	0.489887	0	0.0599973	0.365789	0.12193	0	0.0955804	0	0	1	0.6875	0.03125	0	0.00852273	0.000193698	0	
11	0.360625	0.639375	0	0.125	0.0625	0.622981	0.679453	0.679453	0.00116149	0.0625	0.0901564	0.360625	0.360625	0.0243845	0.0544754	0.217902	0	0.0089027	0.486206	0.162069	0	0.0584461	1	0	1	0.5625	0.0625	0	0.0208333	0.000705295	0	
11	0.313954	0.686046	0	0.28125	0.140625	0.616784	0.700413	0.700413	0.00212598	0.140625	0.0348838	0.313954	0.313954	0.00973503	0.0201372	0.181235	0	0.00324406	0.48186	0	0.16062	0.0504273	0	0	1	0.5625	0.140625	0	0.0642361	0.00322507	1	
11	0.360625	0.639375	0	0.125	0.0625	0.601613	0.618152	0.618152	0.00011787	0.0625	0.0901564	0.360625	0.360625	0.0243845	0.0544754	0.217902	0	0.0089027	0.397424	0	0.132475	0.0477737	0	0	1	0.5625	0.0625	0	0.0208333	0.000868056	0	
11	0.639375	0.360625	0	0.15625	0.078125	0.578064	0.593983	0.593983	0.000132427	0.078125	0.127875	0.639375	0.639375	0.065408	0.0729341	0.36467	0	0.0212775	0.608722	0	0.202907	0.129734	1	0	1	0.5625	0.078125	0	0.0260417	0.00135634	0	
12	0.57368	0.42632	0	0.0625	0.03125	0.633263	0.679453	0.679453	0.00213352	0.03125	0.28684	0.57368	0.57368	0.0822772	0.168396	0.336792	0	0.0283572	0.576698	0.192233	0	0.11028	0	0	0	0.4375	0.03125	0	0.00892857	0.000199298	0	
12	0.268314	0.731686	0	0.15625	0.078125	0.618911	0.679453	0.679453	0.00099545	0.078125	0.0536627	0.268314	0.268314	0.0115188	0.0324248	0.162124	0	0.00420546	0.486206	0.162069	0	0.0434852	1	0	1	0.4375	0.078125	0	0.0379464	0.00117586	0	
12	0.57368	0.42632	0	0.03125	0.015625	0.587073	0.587073	0.587073	0	0.015625	0.57368	0.57368	0.57368	0	0.336792	0.336792	0.336792	0	0.550427	0.183476	0	0.105256	0	0	1	0.4375	0.015625	0	0.00446429	4.98246e-05	0	
12	0.268314	0.731686	0	0.125	0.0625	0.601613	0.618152	0.618152	0.00011787	0.0625	0.0670784	0.268314	0.268314	0.0134985	0.040531	0.162124	0	0.00492827	0.397424	0	0.132475	0.0355447	0	0	1	0.4375	0.0625	0	0.0334821	0.000866948	0	
12	0.42632	0.57368	0	0.0625	0.03125	0.61775	0.624938	0.624938	5.16575e-05	0.03125	0.21316	0.42632	0.42632	0.0454372	0.133212	0.266423	0	0.0177454	0.507518	0.169173	0	0.0721217	0	0	1	0.4375	0.03125	0	0.0111607	0.000189334	0	
12	0.731686	0.268314	0	0.1875	0.09375	0.582158	0.602632	0.602632	0.000194187	0.09375	0.121948	0.731686	0.731686	0.0743562	0.0695534	0.417321	0	0.0241884	0.608722	0	0.202907	0.148465	1	0	1	0.4375	0.09375	0	0.0513393	0.00200295	0	
12	0.42632	0.57368	0	0.15625	0.078125	0.624058	0.653635	0.653635	0.00037993	0.078125	0.085264	0.42632	0.42632	0.0290798	0.0532847	0.266423	0	0.011357	0.359097	0.119699	0	0.0510301	0	0	1	0.4375	0.078125	0	0.0379464	0.00131537	0	
12	0.42632	0.57368	0	0.15625	0.078125	0.652058	0.700526	0.700526	0.00141436	0.078125	0.085264	0.42632	0.42632	0.0290798	0.0532847	0.266423	0	0.011357	0.494994	0	0.164998	0.0703419	0	0	1	0.4375	0.078125	0	0.0357143	0.0011659	1	
12	0.42632	0.57368	0	0.21875	0.109375	0.644716	0.700526	0.700526	0.00110679	0.109375	0.0609029	0.42632	0.42632	0.0222549	0.0380605	0.266423	0	0.0086916	0.365789	0.12193	0	0.0519811	0	0	1	0.4375	0.109375	0	0.0535714	0.00257095	0	
13	0.0558398	0.94416	0	0.125	0.0625	0.603776	0.618152	0.618152	9.88981e-05	0.0625	0.0139599	0.0558398	0.0558398	0.000584641	0.00843505	0.0337402	0	0.00021345	0.486206	0.162069	0	0.00904988	1	0	1	0.6875	0.0625	0	0.0255682	0.000855501	0	
13	0.0558398	0.94416	0	0.1875	0.09375	0.596928	0.618152	0.618152	0.00013497	0.09375	0.00930663	0.0558398	0.0558398	0.000433067	0.00562337	0.0337402	0	0.000158111	0.397424	0	0.132475	0.00739735	0	0	1	0.6875	0.09375	0	0.0340909	0.00154555	0	
13	0.94416	0.0558398	0	0.25	0.125	0.583508	0.602632	0.602632	0.000160465	0.125	0.11802	0.94416	0.94416	0.0975011	0.0673133	0.538506	0	0.0317175	0.608722	0	0.202907	0.191577	1	0	1	0.6875	0.125	0	0.0440341	0.00274406	1	
13	0.968887	0.0311129	0	0.125	0.0625	0.625137	0.648753	0.648753	0.000389386	0.0625	0.242222	0.968887	0.968887	0.176014	0.1532	0.612798	0	0.0704103	0.494994	0	0.164998	0.159864	0	0	1	0.6875	0.0625	0	0.0255682	0.000855501	0	
14	0.053495	0.946505	0	0.1875	0.09375	0.663796	0.697883	0.697883	0.000455455	0.09375	0.00891583	0.053495	0.053495	0.00039746	0.00591143	0.0354686	0	0.000174725	0.507518	0.169173	0	0.00904988	0	0	1	0.5	0.09375	0	0.0449219	0.00179672	1	
14	0.945051	0.0549492	0	0.1875	0.09375	0.638653	0.668443	0.668443	0.000627482	0.09375	0.157508	0.945051	0.945051	0.124045	0.0996204	0.597722	0	0.0496211	0.494994	0	0.164998	0.155931	0	0	1	0.5	0.09375	0	0.0429688	0.00193787	0	
15	0.0400814	0.959919	0	0.03125	0.015625	0.618403	0.618403	0.618403	0	0.015625	0.0400814	0.0400814	0.0400814	0	0.0247864	0.0247864	0.0247864	0	0.700644	0.233548	0	0.00936092	0	0	0	0.5	0.015625	0	0.00390625	4.57764e-05	1	
15	0.959919	0.0400814	0	0.03125	0.015625	0.562618	0.562618	0.562618	0	0.015625	0.959919	0.959919	0.959919	0	0.540067	0.540067	0.540067	0	0.561109	0	0.187036	0.17954	0	0	1	0.5	0.015625	0	0.00585938	5.72205e-05	1	
15	0.0400814	0.959919	0	0.0625	0.03125	0.65762	0.696838	0.696838	0.00153802	0.03125	0.0200407	0.0400814	0.0400814	0.000401629	0.0123932	0.0247864	0	0.000153592	0.527147	0.175716	0	0.00704292	0	0	0	0.5	0.03125	0	0.00976562	0.000179291	1	
15	0.959919	0.0400814	0	0.0625	0.03125	0.614248	0.665879	0.665879	0.00266574	0.03125	0.479959	0.959919	0.959919	0.230361	0.270034	0.540067	0	0.0729181	0.550427	0.183476	0	0.176122	0	0	1	0.5	0.03125	0	0.00976562	0.000179291	0	
15	0.990486	0.00951426	0	0.125	0.0625	0.636013	0.668443	0.668443	0.000739927	0.0625	0.247621	0.990486	0.990486	0.183949	0.156615	0.626459	0	0.0735845	0.494994	0	0.164998	0.163428	0	0	1	0.5	0.0625	0	0.0292969	0.000881195	0	
16	0.971484	0.0285165	0	0.15625	0.078125	0.584549	0.630309	0.630309	0.000552196	0.078125	0.194297	0.971484	0.971484	0.151005	0.112161	0.560804	0	0.0503202	0.474095	0.158032	0	0.153525	0	0	1	0.625	0.078125	0	0.0234375	0.00128174	0	
16	0.0285165	0.971484	0	0.03125	0.015625	0.618403	0.618403	0.618403	0	0.015625	0.0285165	0.0285165	0.0285165	0	0.0176346	0.0176346	0.0176346	0	0.700644	0.233548	0	0.00665996	0	0	0	0.625	0.015625	0	0.003125	3.90625e-05	0	
16	0.971484	0.0285165	0	0.125	0.0625	0.572272	0.577266	0.577266	3.10827e-05	0.0625	0.242871	0.971484	0.971484	0.176959	0.140201	0.560804	0	0.0589689	0.372081	0.124027	0	0.12049	0	0	1	0.625	0.0625	0	0.01875	0.000820312	0	
16	0.971484	0.0285165	0	0.25	0.125	0.606331	0.67957	0.67957	0.00140823	0.125	0.121435	0.971484	0.971484	0.103226	0.0701005	0.560804	0	0.0343986	0.48186	0	0.16062	0.15604	0	0	1	0.625	0.125	0	0.0328125	0.00265869	0	
16	0.0372629	0.962737	0	0.09375	0.046875	0.64633	0.665879	0.665879	0.00052912	0.046875	0.012421	0.0372629	0.0372629	0.000308562	0.00818634	0.024559	0	0.000134032	0.436556	0.145519	0	0.00542246	0	0	0	0.625	0.046875	0	0.0171875	0.000314941	1	
16	0.0285165	0.971484	0	0.0625	0.03125	0.65762	0.696838	0.696838	0.00153802	0.03125	0.0142582	0.0285165	0.0285165	0.000203297	0.00881732	0.0176346	0	7.77452e-05	0.527147	0.175716	0	0.00501079	0	0	0	0.625	0.03125	0	0.0078125	0.000158691	0	
16	0.971484	0.0285165	0	0.25	0.125	0.607862	0.67957	0.67957	0.00129149	0.125	0.121435	0.971484	0.971484	0.103226	0.0701005	0.560804	0	0.0343986	0.471959	0	0.15732	0.152833	0	0	1	0.625	0.125	0	0.0328125	0.00265869	0	
17	0.0404271	0.959573	0	0.15625	0.078125	0.590842	0.618152	0.618152	0.000376826	0.078125	0.00808541	0.0404271	0.0404271	0.000261496	0.00461155	0.0230578	0	8.50657e-05	0.408305	0.136102	0	0.00550219	0	0	0	0.5	0.078125	0	0.0390625	0.00152588	1	
17	0.959573	0.0404271	0	0.09375	0.046875	0.604157	0.618152	0.618152	0.000131283	0.046875	0.319858	0.959573	0.959573	0.204618	0.188744	0.566231	0	0.0712483	0.486206	0.162069	0	0.155517	0	0	1	0.5	0.046875	0	0.0234375	0.000549316	0	
17	0.959573	0.0404271	0	0.1875	0.09375	0.596928	0.618152	0.618152	0.00013497	0.09375	0.159929	0.959573	0.959573	0.127886	0.0943718	0.566231	0	0.0445302	0.397424	0	0.132475	0.127119	0	0	1	0.5	0.09375	0	0.0449219	0.00204086	1	
17	0.743898	0.256102	0	0.0625	0.03125	0.61775	0.624938	0.624938	5.16575e-05	0.03125	0.371949	0.743898	0.743898	0.138346	0.232445	0.46489	0	0.0540306	0.507518	0.169173	0	0.125847	0	0	1	0.5	0.03125	0	0.0117188	0.000167847	0	
17	0.0404271	0.959573	0	0.125	0.0625	0.584168	0.604232	0.604232	0.000236968	0.0625	0.0101068	0.0404271	0.0404271	0.00030644	0.00576444	0.0230578	0	9.96864e-05	0.443055	0.147685	0	0.00597047	0	0	0	0.5	0.0625	0	0.0292969	0.000881195	0	
18	0.0263941	0.973606	0	0.15625	0.078125	0.590842	0.618152	0.618152	0.000376826	0.078125	0.00527882	0.0263941	0.0263941	0.000111464	0.00318964	0.0159482	0	4.06951e-05	0.408305	0.136102	0	0.00359228	0	0	0	0.5625	0.078125	0	0.0434028	0.00118152	0	
18	0.728709	0.271291	0	0.0625	0.03125	0.61775	0.624938	0.624938	5.16575e-05	0.03125	0.364354	0.728709	0.728709	0.132754	0.227699	0.455398	0	0.0518467	0.507518	0.169173	0	0.123278	0	0	1	0.5625	0.03125	0	0.0104167	0.00016276	0	
18	0.0263941	0.973606	0	0.125	0.0625	0.584168	0.604232	0.604232	0.000236968	0.0625	0.00659853	0.0263941	0.0263941	0.000130622	0.00398704	0.0159482	0	4.76896e-05	0.443055	0.147685	0	0.00389801	0	0	0	0.5625	0.0625	0	0.0347222	0.000747492	0	
18	0.973606	0.0263941	0	0.21875	0.109375	0.580776	0.593983	0.593983	0.00012368	0.109375	0.139087	0.973606	0.973606	0.11607	0.0820731	0.574512	0	0.040416	0.608722	0	0.202907	0.197552	1	0	1	0.5625	0.109375	0	0.0555556	0.00185065	1	
19	0.360625	0.639375	0	0.125	0.0625	0.622981	0.679453	0.679453	0.00116149	0.0625	0.0901564	0.360625	0.360625	0.0243845	0.0544754	0.217902	0	0.0089027	0.486206	0.162069	0	0.0584461	1	0	1	0.5	0.0625	0	0.0175781	0.00069809	0	
19	0.360625	0.639375	0	0.125	0.0625	0.601613	0.618152	0.618152	0.00011787	0.0625	0.0901564	0.360625	0.360625	0.0243845	0.0544754	0.217902	0	0.0089027	0.397424	0	0.132475	0.0477737	0	0	1	0.5	0.0625	0	0.015625	0.000732422	1	
19	0.639375	0.360625	0	0.15625	0.078125	0.578064	0.593983	0.593983	0.000132427	0.078125	0.127875	0.639375	0.639375	0.065408	0.0729341	0.36467	0	0.0212775	0.608722	0	0.202907	0.129734	1	0	1	0.5	0.078125	0	0.0195312	0.00114441	1	
20	0.965957	0.0340426	0	0.25	0.125	0.607862	0.67957	0.67957	0.00129149	0.125	0.120745	0.965957	0.965957	0.102055	0.0697017	0.557614	0	0.0340083	0.471959	0	0.15732	0.151964	0	0	1	0.625	0.125	0	0.0390625	0.0026001	0	
20	0.772985	0.227015	0	0.0625	0.03125	0.61775	0.624938	0.624938	5.16575e-05	0.03125	0.386492	0.772985	0.772985	0.149376	0.241534	0.483067	0	0.0583385	0.507518	0.169173	0	0.130768	0	0	1	0.625	0.03125	0	0.009375	0.00015625	1	
21	0.965957	0.0340426	0	0.25	0.125	0.607862	0.67957	0.67957	0.00129149	0.125	0.120745	0.965957	0.965957	0.102055	0.0697017	0.557614	0	0.0340083	0.471959	0	0.15732	0.151964	0	0	1	0.6875	0.125	0	0.0355114	0.00248983	0	
21	0.679156	0.320844	0	0.0625	0.03125	0.609659	0.624938	0.624938	0.000233421	0.03125	0.339578	0.679156	0.679156	0.115313	0.212215	0.42443	0	0.0450352	0.359097	0.119699	0	0.0812944	0	0	1	0.6875	0.03125	0	0.0127841	0.000213875	1	
22	0.971484	0.0285165	0	0.15625	0.078125	0.584549	0.630309	0.630309	0.000552196	0.078125	0.194297	0.971484	0.971484	0.151005	0.112161	0.560804	0	0.0503202	0.474095	0.158032	0	0.153525	0	0	1	0.5625	0.078125	0	0.0260417	0.00135634	1	
22	0.0285165	0.971484	0	0.03125	0.015625	0.618403	0.618403	0.618403	0	0.015625	0.0285165	0.0285165	0.0285165	0	0.0176346	0.0176346	0.0176346	0	0.700644	0.233548	0	0.00665996	0	0	0	0.5625	0.015625	0	0.00347222	4.21971e-05	1	
22	0.0334578	0.966542	0	0.15625	0.078125	0.603485	0.618152	0.618152	7.94554e-05	0.078125	0.00669156	0.0334578	0.0334578	0.000179108	0.00403254	0.0201627	0	6.50456e-05	0.486206	0.162069	0	0.00542246	1	0	1	0.5625	0.078125	0	0.046875	0.000868056	0	
22	0.971484	0.0285165	0	0.125	0.0625	0.572272	0.577266	0.577266	3.10827e-05	0.0625	0.242871	0.971484	0.971484	0.176959	0.140201	0.560804	0	0.0589689	0.372081	0.124027	0	0.12049	0	0	1	0.5625	0.0625	0	0.0208333	0.000868056	0	
22	0.971484	0.0285165	0	0.25	0.125	0.606331	0.67957	0.67957	0.00140823	0.125	0.121435	0.971484	0.971484	0.103226	0.0701005	0.560804	0	0.0343986	0.48186	0	0.16062	0.15604	0	0	1	0.5625	0.125	0	0.0364583	0.00282118	0	
22	0.0285165	0.971484	0	0.0625	0.03125	0.65762	0.696838	0.696838	0.00153802	0.03125	0.0142582	0.0285165	0.0285165	0.000203297	0.00881732	0.0176346	0	7.77452e-05	0.527147	0.175716	0	0.00501079	0	0	0	0.5625	0.03125	0	0.00868056	0.000168789	1	
22	0.971484	0.0285165	0	0.25	0.125	0.607862	0.67957	0.67957	0.00129149	0.125	0.121435	0.971484	0.971484	0.103226	0.0701005	0.560804	0	0.0343986	0.471959	0	0.15732	0.152833	0	0	1	0.5625	0.125	0	0.0364583	0.00282118	0	
23	0.763034	0.236966	0	0.09375	0.046875	0.604157	0.618152	0.618152	0.000131283	0.046875	0.254345	0.763034	0.763034	0.129382	0.150085	0.450256	0	0.0450512	0.486206	0.162069	0	0.123664	0	0	1	0.5625	0.046875	0	0.0225694	0.000494309	0	
23	0.965957	0.0340426	0	0.25	0.125	0.607862	0.67957	0.67957	0.00129149	0.125	0.120745	0.965957	0.965957	0.102055	0.0697017	0.557614	0	0.0340083	0.471959	0	0.15732	0.151964	0	0	1	0.5625	0.125	0	0.0434028	0.00270062	1	
24	0.758116	0.241884	0	0.15625	0.078125	0.639558	0.67957	0.67957	0.000985708	0.078125	0.151623	0.758116	0.758116	0.0919585	0.0900686	0.450343	0	0.0324494	0.401116	0	0.133705	0.101364	0	0	0	0.5	0.078125	0	0.0253906	0.000667572	0	
24	0.241884	0.758116	0	0.21875	0.109375	0.655414	0.814612	0.814612	0.0045951	0.109375	0.0345548	0.241884	0.241884	0.00716421	0.0225643	0.15795	0	0.00305489	0.359097	0.119699	0	0.0289533	0	0	1	0.5	0.109375	0	0.0371094	0.00213242	1	
24	0.758116	0.241884	0	0.25	0.125	0.648687	0.700526	0.700526	0.00100575	0.125	0.0947645	0.758116	0.758116	0.0628622	0.0562929	0.450343	0	0.0221822	0.408557	0	0.136186	0.103244	0	0	0	0.5	0.125	0	0.0390625	0.00262451	0	
24	0.241884	0.758116	0	0.25	0.125	0.645752	0.700526	0.700526	0.000975945	0.125	0.0302355	0.241884	0.241884	0.00639928	0.0197438	0.15795	0	0.00272872	0.365789	0.12193	0	0.0294928	0	0	1	0.5	0.125	0	0.0390625	0.00286865	0	
25	0.460952	0.539048	0	0.15625	0.078125	0.633187	0.679453	0.679453	0.00144382	0.078125	0.0921904	0.460952	0.460952	0.0339963	0.0547736	0.273868	0	0.0120006	0.576698	0.192233	0	0.0886101	0	0	0	0.5	0.078125	0	0.0292969	0.0010643	1	
26	0.0160971	0.983903	0	0.15625	0.078125	0.603485	0.618152	0.618152	7.94554e-05	0.078125	0.00321942	0.0160971	0.0160971	4.14586e-05	0.00194012	0.00970062	0	1.50563e-05	0.486206	0.162069	0	0.00260883	1	0	1	0.5	0.078125	0	0.0488281	0.00094223	1	
26	0.0549492	0.945051	0	0.03125	0.015625	0.71464	0.71464	0.71464	0	0.015625	0.0549492	0.0549492	0.0549492	0	0.0392689	0.0392689	0.0392689	0	0.351654	0.117218	0	0.00644105	0	0	0	0.5	0.015625	0	0.0078125	6.10352e-05	0	
26	0.945051	0.0549492	0	0.125	0.0625	0.636013	0.668443	0.668443	0.000739927	0.0625	0.236263	0.945051	0.945051	0.16746	0.149431	0.597722	0	0.0669885	0.494994	0	0.164998	0.155931	0	0	1	0.5	0.0625	0	0.0292969	0.000881195	0	
27	0.360625	0.639375	0	0.125	0.0625	0.622981	0.679453	0.679453	0.00116149	0.0625	0.0901564	0.360625	0.360625	0.0243845	0.0544754	0.217902	0	0.0089027	0.486206	0.162069	0	0.0584461	1	0	1	0.5	0.0625	0	0.0332031	0.000576019	0	
27	0.380212	0.619788	0	0.03125	0.015625	0.615927	0.615927	0.615927	0	0.015625	0.380212	0.380212	0.380212	0	0.234183	0.234183	0.234183	0	0.371846	0	0.123949	0.0471268	0	0	0	0.5	0.015625	0	0.00585938	5.72205e-05	0	
27	0.360625	0.639375	0	0.15625	0.078125	0.600026	0.618152	0.618152	0.000104377	0.078125	0.0721251	0.360625	0.360625	0.0208081	0.0435803	0.217902	0	0.00759697	0.397424	0	0.132475	0.0477737	0	0	1	0.5	0.078125	0	0.0410156	0.00115585	0	
27	0.639375	0.360625	0	0.1875	0.09375	0.580666	0.593983	0.593983	0.000144208	0.09375	0.106562	0.639375	0.639375	0.0567778	0.0607784	0.36467	0	0.0184701	0.608722	0	0.202907	0.129734	1	0	1	0.5	0.09375	0	0.0488281	0.00167465	1	
28	0.0122354	0.987765	0	0.125	0.0625	0.668415	0.722921	0.722921	0.00139948	0.0625	0.00305885	0.0122354	0.0122354	2.80696e-05	0.0022113	0.00884521	0	1.46696e-05	0.401116	0	0.133705	0.00163594	0	0	0	0.625	0.0625	0	0.015625	0.000390625	0	
28	0.0648641	0.935136	0	0.09375	0.046875	0.739449	0.764628	0.764628	0.000416538	0.046875	0.0216214	0.0526287	0.0526287	0.000505679	0.0155512	0.0376106	0	0.000256939	0.351654	0.117218	0	0.00760325	0	0	0	0.625	0.046875	0	0.0234375	0.000354004	1	
28	0.0122354	0.987765	0	0.03125	0.015625	0.722921	0.722921	0.722921	0	0.015625	0.0122354	0.0122354	0.0122354	0	0.00884521	0.00884521	0.00884521	0	0.354699	0.118233	0	0.00144663	0	0	0	0.625	0.015625	0	0.00625	5.85937e-05	0	
28	0.935136	0.0648641	0	0.125	0.0625	0.636013	0.668443	0.668443	0.000739927	0.0625	0.233784	0.935136	0.935136	0.163965	0.147863	0.591451	0	0.0655903	0.494994	0	0.164998	0.154295	0	0	1	0.625	0.0625	0	0.0265625	0.000734863	0	
29	0.438444	0.561556	0	0.125	0.0625	0.600692	0.670945	0.670945	0.00174686	0.0625	0.109611	0.438444	0.438444	0.0360438	0.0625172	0.250069	0	0.0117252	0.408305	0.136102	0	0.059673	0	0	0	0.625	0.0625	0	0.0265625	0.000734863	0	
29	0.195365	0.804635	0	0.09375	0.046875	0.650246	0.67957	0.67957	0.000545572	0.046875	0.0651216	0.195365	0.195365	0.00848164	0.0422478	0.126744	0	0.00356976	0.401116	0	0.133705	0.0261213	0	0	0	0.625	0.046875	0	0.0171875	0.00036377	0	
29	0.561556	0.438444	0	0.09375	0.046875	0.589699	0.593983	0.593983	3.41386e-05	0.046875	0.187185	0.561556	0.561556	0.0700766	0.108837	0.32651	0	0.0236908	0.397424	0	0.132475	0.0743918	0	0	1	0.625	0.046875	0	0.0171875	0.000461426	1	
29	0.438444	0.561556	0	0.09375	0.046875	0.577479	0.593983	0.593983	0.000137029	0.046875	0.146148	0.438444	0.438444	0.0427185	0.0833563	0.250069	0	0.0138965	0.443055	0.147685	0	0.0647516	0	0	0	0.625	0.046875	0	0.01875	0.000527344	1	
29	0.195365	0.804635	0	0.09375	0.046875	0.65483	0.700526	0.700526	0.0012316	0.046875	0.0651216	0.195365	0.195365	0.00848164	0.0422478	0.126744	0	0.00356976	0.408557	0	0.136186	0.0266059	0	0	0	0.625	0.046875	0	0.0140625	0.000461426	0	
29	0.804635	0.195365	0	0.125	0.0625	0.633764	0.700526	0.700526	0.00160758	0.0625	0.201159	0.804635	0.804635	0.121395	0.119565	0.47826	0	0.0428874	0.365789	0.12193	0	0.0981089	0	0	1	0.625	0.0625	0	0.01875	0.000820312	0	
30	0.660689	0.339311	0	0.15625	0.078125	0.584549	0.630309	0.630309	0.000552196	0.078125	0.132138	0.563314	0.563314	0.0466363	0.0761707	0.325182	0	0.0155533	0.474095	0.158032	0	0.10441	0	0	1	0.75	0.078125	0	0.0338542	0.00121392	1	
30	0.967542	0.0324584	0	0.125	0.0625	0.62082	0.648753	0.648753	0.000381923	0.0625	0.241885	0.967542	0.967542	0.175526	0.143772	0.575089	0	0.0620113	0.359097	0.119699	0	0.115814	0	0	1	0.75	0.0625	0	0.015625	0.000732422	0	
30	0.967542	0.0324584	0	0.125	0.0625	0.642149	0.700526	0.700526	0.00150737	0.0625	0.241885	0.967542	0.967542	0.175526	0.143772	0.575089	0	0.0620113	0.494994	0	0.164998	0.159642	0	0	1	0.75	0.0625	0	0.015625	0.000732422	0	
30	0.967542	0.0324584	0	0.125	0.0625	0.633764	0.700526	0.700526	0.00160758	0.0625	0.241885	0.967542	0.967542	0.175526	0.143772	0.575089	0	0.0620113	0.365789	0.12193	0	0.117972	0	0	1	0.75	0.0625	0	0.015625	0.000732422	1	
31	0.763034	0.236966	0	0.09375	0.046875	0.604157	0.618152	0.618152	0.000131283	0.046875	0.254345	0.763034	0.763034	0.129382	0.150085	0.450256	0	0.0450512	0.486206	0.162069	0	0.123664	0	0	1	0.625	0.046875	0	0.025	0.000498047	1	
31	0.966657	0.0333431	0	0.25	0.125	0.606331	0.67957	0.67957	0.00140823	0.125	0.120832	0.966657	0.966657	0.102203	0.0697522	0.558018	0	0.0340576	0.48186	0	0.16062	0.155264	0	0	1	0.625	0.125	0	0.05	0.00282227	1	
32	0.791079	0.208921	0	0.15625	0.078125	0.584549	0.630309	0.630309	0.000552196	0.078125	0.158216	0.791079	0.791079	0.100129	0.0913325	0.456662	0	0.0333665	0.474095	0.158032	0	0.125016	0	0	1	0.5625	0.078125	0	0.0381944	0.00125386	1	
32	0.971366	0.0286338	0	0.03125	0.015625	0.562618	0.562618	0.562618	0	0.015625	0.971366	0.971366	0.971366	0	0.546508	0.546508	0.546508	0	0.561109	0	0.187036	0.181681	0	0	1	0.5625	0.015625	0	0.00520833	5.42535e-05	0	
32	0.971366	0.0286338	0	0.03125	0.015625	0.562618	0.562618	0.562618	0	0.015625	0.971366	0.971366	0.971366	0	0.546508	0.546508	0.546508	0	0.550427	0.183476	0	0.178222	0	0	1	0.5625	0.015625	0	0.00520833	5.42535e-05	0	
32	0.0286338	0.971366	0	0.0625	0.03125	0.617529	0.624495	0.624495	4.85275e-05	0.03125	0.0143169	0.0286338	0.0286338	0.000204974	0.00894083	0.0178817	0	7.99385e-05	0.351654	0.117218	0	0.0033564	0	0	0	0.5625	0.03125	0	0.0121528	0.000204958	0	
32	0.971366	0.0286338	0	0.09375	0.046875	0.607566	0.624938	0.624938	0.000164381	0.046875	0.323789	0.942732	0.942732	0.191682	0.202056	0.589149	0	0.0749687	0.365789	0.12193	0	0.118438	0	0	1	0.5625	0.046875	0	0.0277778	0.000421971	0	
33	0.611061	0.388939	0	0.15625	0.078125	0.584549	0.630309	0.630309	0.000552196	0.078125	0.122212	0.577018	0.577018	0.0518859	0.0704507	0.333093	0	0.0173003	0.474095	0.158032	0	0.096567	0	0	1	0.5	0.078125	0	0.0292969	0.00143051	1	
33	0.965957	0.0340426	0	0.25	0.125	0.607862	0.67957	0.67957	0.00129149	0.125	0.120745	0.577018	0.577018	0.0459487	0.0695373	0.333093	0	0.015261	0.471959	0	0.15732	0.151964	0	0	1	0.5	0.125	0	0.0410156	0.00298691	0	
34	0.971366	0.0286338	0	0.03125	0.015625	0.562618	0.562618	0.562618	0	0.015625	0.971366	0.971366	0.971366	0	0.546508	0.546508	0.546508	0	0.561109	0	0.187036	0.181681	0	0	1	0.6875	0.015625	0	0.00426136	4.84246e-05	0	
34	0.733798	0.266202	0	0.125	0.0625	0.572272	0.577266	0.577266	3.10827e-05	0.0625	0.18345	0.733798	0.733798	0.100961	0.105899	0.423597	0	0.0336439	0.372081	0.124027	0	0.0910109	0	0	1	0.6875	0.0625	0	0.0298295	0.000774793	0	
34	0.971366	0.0286338	0	0.03125	0.015625	0.562618	0.562618	0.562618	0	0.015625	0.971366	0.971366	0.971366	0	0.546508	0.546508	0.546508	0	0.550427	0.183476	0	0.178222	0	0	1	0.6875	0.015625	0	0.00426136	4.84246e-05	0	
34	0.0286338	0.971366	0	0.0625	0.03125	0.617529	0.624495	0.624495	4.85275e-05	0.03125	0.0143169	0.0286338	0.0286338	0.000204974	0.00894083	0.0178817	0	7.99385e-05	0.351654	0.117218	0	0.0033564	0	0	0	0.6875	0.03125	0	0.00994318	0.000189663	1	
34	0.971366	0.0286338	0	0.09375	0.046875	0.607566	0.624938	0.624938	0.000164381	0.046875	0.323789	0.942732	0.942732	0.191682	0.202056	0.589149	0	0.0749687	0.365789	0.12193	0	0.118438	0	0	1	0.6875	0.046875	0	0.0227273	0.000460034	0	
35	0.965957	0.0340426	0	0.25	0.125	0.607862	0.67957	0.67957	0.00129149	0.125	0.120745	0.965957	0.965957	0.102055	0.0697017	0.557614	0	0.0340083	0.471959	0	0.15732	0.151964	0	0	1	0.5625	0.125	0	0.0607639	0.00246552	0	
35	0.664998	0.335002	0	0.0625	0.03125	0.578376	0.594135	0.594135	0.000248337	0.03125	0.332499	0.664998	0.664998	0.110556	0.197549	0.395099	0	0.0390257	0.550427	0.183476	0	0.122011	0	0	1	0.5625	0.03125	0	0.0121528	0.000204958	1	
36	0.971366	0.0286338	0	0.03125	0.015625	0.562618	0.562618	0.562618	0	0.015625	0.971366	0.971366	0.971366	0	0.546508	0.546508	0.546508	0	0.561109	0	0.187036	0.181681	0	0	1	0.6875	0.015625	0	0.00426136	4.84246e-05	1	
36	0.732711	0.267289	0	0.125	0.0625	0.572272	0.577266	0.577266	3.10827e-05	0.0625	0.183178	0.646809	0.646809	0.0716514	0.105599	0.373381	0.0161164	0.0239023	0.372081	0.124027	0	0.090876	0	0	1	0.6875	0.0625	0	0.0298295	0.000774793	0	
36	0.971366	0.0286338	0	0.03125	0.015625	0.562618	0.562618	0.562618	0	0.015625	0.971366	0.971366	0.971366	0	0.546508	0.546508	0.546508	0	0.550427	0.183476	0	0.178222	0	0	1	0.6875	0.015625	0	0.00426136	4.84246e-05	1	
37	0.690352	0.309648	0	0.125	0.0625	0.572272	0.577266	0.577266	3.10827e-05	0.0625	0.172588	0.657009	0.657009	0.0784066	0.099611	0.379269	0	0.0261308	0.372081	0.124027	0	0.0856224	0	0	1	0.75	0.0625	0	0.0234375	0.000793457	0	
37	0.966657	0.0333431	0	0.25	0.125	0.606331	0.67957	0.67957	0.00140823	0.125	0.120832	0.657009	0.657009	0.0513424	0.0697508	0.379269	0	0.0171088	0.48186	0	0.16062	0.155264	0	0	1	0.75	0.125	0	0.0416667	0.00269911	1	
38	0.690352	0.309648	0	0.125	0.0625	0.572272	0.577266	0.577266	3.10827e-05	0.0625	0.172588	0.690352	0.690352	0.0893599	0.0996291	0.398516	0	0.0297779	0.372081	0.124027	0	0.0856224	0	0	1	0.75	0.0625	0	0.0221354	0.000710381	1	
