QID	cand_solfracs	cand_slack	dual_coil	coil_cons_degree	coil_obj_count	coil_obj_mean	coil_obj_max	coil_obj_min	coil_obj_variance	coil_y_count	coil_y_mean	coil_y_max	coil_y_min	coil_y_variance	coil_product_mean	coil_product_max	coil_product_min	coil_product_variance	coil_weight	coil_weight_C512	coil_weight_C008	coil_weight_RH	coil_num_SR	coil_constraint_bc	coil_in_up	coil_cons_bind_count	coil_cons_bind_max	coil_cons_bind_min	coil_cons_bind_mean	coil_cons_bind_variance	coil_label	
0	0.19718	0.80282	0	0.1875	0.09375	0.714106	0.84566	0.84566	0.00606635	0.09375	0.0328633	0.19718	0.19718	0.00539998	0.0190966	0.11458	0	0.00182341	0.280402	0	0.0934673	0.0184299	1	0	1	0.625	0.09375	0	0.0359375	0.00127197	0	
0	0.19718	0.80282	0	0.1875	0.09375	0.721105	0.84566	0.84566	0.00444935	0.09375	0.0328633	0.19718	0.19718	0.00539998	0.0204767	0.12286	0	0.00209648	0.48283	0	0.160943	0.0317347	0	0	1	0.625	0.09375	0	0.0359375	0.0013208	0	
0	0.19718	0.80282	0	0.09375	0.046875	0.667398	0.692297	0.692297	0.000986683	0.046875	0.0657266	0.19718	0.19718	0.00863996	0.0409534	0.12286	0	0.00335437	0.389562	0.129854	0	0.0256046	0	0	0	0.625	0.046875	0	0.0234375	0.00045166	0	
0	0.80282	0.19718	0	0.0625	0.03125	0.618598	0.618598	0.618598	0	0.03125	0.40141	0.80282	0.80282	0.16113	0.248312	0.496623	0	0.0616586	0.501469	0.167156	0	0.134197	0	0	1	0.625	0.03125	0	0.009375	0.000205078	0	
0	0.80282	0.19718	0	0.125	0.0625	0.637822	0.657045	0.657045	0.000369543	0.0625	0.200705	0.80282	0.80282	0.120848	0.124156	0.496623	0	0.046244	0.483385	0.161128	0	0.129357	0	0	1	0.625	0.0625	0	0.01875	0.000820312	0	
0	0.80282	0.19718	0	0.125	0.0625	0.637822	0.657045	0.657045	0.000369543	0.0625	0.200705	0.80282	0.80282	0.120848	0.124156	0.496623	0	0.046244	0.505977	0	0.168659	0.135403	0	0	1	0.625	0.0625	0	0.01875	0.000820312	0	
0	0.80282	0.19718	0	0.09375	0.046875	0.650309	0.734471	0.734471	0.00442843	0.046875	0.267607	0.80282	0.80282	0.143227	0.172526	0.517579	0	0.0595308	0.267726	0.0892421	0	0.0716454	0	0	0	0.625	0.046875	0	0.0234375	0.000402832	0	
0	0.631061	0.368939	0	0.0625	0.03125	0.570452	0.570452	0.570452	0	0.03125	0.315531	0.631061	0.631061	0.0995595	0.179995	0.35999	0	0.0323982	0.543501	0.181167	0	0.114327	0	0	1	0.625	0.03125	0	0.0125	0.000234375	0	
0	0.368939	0.631061	0	0.0625	0.03125	0.643257	0.680069	0.680069	0.00135511	0.03125	0.184469	0.368939	0.368939	0.034029	0.111871	0.223741	0	0.0125151	0.47812	0	0.159373	0.0587991	0	0	0	0.625	0.03125	0	0.0125	0.000136719	1	
1	0.272403	0.727597	0	0.1875	0.09375	0.714106	0.84566	0.84566	0.00606635	0.09375	0.0454005	0.272403	0.272403	0.010306	0.0263819	0.158292	0	0.00348003	0.280402	0	0.0934673	0.0254608	0	0	1	0.6875	0.09375	0	0.0213068	0.00134378	0	
1	0.548564	0.451436	0	0.1875	0.09375	0.670884	0.734471	0.734471	0.00140853	0.09375	0.0914274	0.548564	0.548564	0.0417949	0.0589434	0.35366	0	0.0173716	0.433822	0	0.144607	0.0793265	0	0	0	0.6875	0.09375	0	0.0241477	0.00156976	1	
1	0.548564	0.451436	0	0.09375	0.046875	0.650309	0.734471	0.734471	0.00442843	0.046875	0.182855	0.548564	0.548564	0.0668718	0.117887	0.35366	0	0.0277946	0.267726	0.0892421	0	0.048955	0	0	0	0.6875	0.046875	0	0.0127841	0.000435821	0	
1	0.358065	0.641935	0	0.125	0.0625	0.607701	0.645584	0.645584	0.000771203	0.0625	0.0895162	0.179032	0.179032	0.00801315	0.0532301	0.110791	0	0.00284282	0.543501	0.181167	0	0.0648695	0	0	1	0.6875	0.0625	0	0.03125	0.000488281	0	
1	0.820968	0.179032	0	0.1875	0.09375	0.640331	0.708196	0.708196	0.00259165	0.09375	0.136828	0.548564	0.548564	0.0437992	0.0853253	0.35366	0	0.0177416	0.421077	0	0.140359	0.11523	0	0	1	0.6875	0.09375	0	0.0213068	0.00134378	1	
1	0.820968	0.179032	0	0.1875	0.09375	0.640331	0.708196	0.708196	0.00259165	0.09375	0.136828	0.548564	0.548564	0.0437992	0.0853253	0.35366	0	0.0177416	0.313635	0	0.104545	0.0858282	0	0	1	0.6875	0.09375	0	0.0213068	0.00134378	1	
1	0.179032	0.820968	0	0.125	0.0625	0.631808	0.64587	0.64587	0.000434677	0.0625	0.0447581	0.179032	0.179032	0.00600986	0.0289079	0.115632	0	0.002507	0.553337	0.184446	0	0.0330218	0	0	0	0.6875	0.0625	0	0.0255682	0.000500387	0	
2	0.419684	0.580316	0	0.125	0.0625	0.741178	0.84566	0.84566	0.00458747	0.0625	0.104921	0.419684	0.419684	0.0330252	0.0688466	0.275386	0	0.0142196	0.277888	0	0.0926294	0.0388751	0	0	0	0.6875	0.0625	0	0.0213068	0.000500387	0	
2	0.429526	0.570474	0	0.21875	0.109375	0.70583	0.84566	0.84566	0.00561065	0.109375	0.0613608	0.419684	0.419684	0.0214108	0.0401579	0.275386	0	0.00922597	0.280402	0	0.0934673	0.0401466	0	0	1	0.6875	0.109375	0	0.0426136	0.00160205	0	
2	0.429526	0.570474	0	0.1875	0.09375	0.721105	0.84566	0.84566	0.00444935	0.09375	0.0715876	0.429526	0.429526	0.0256239	0.0446054	0.267632	0	0.0099482	0.48283	0	0.160943	0.0691292	0	0	1	0.6875	0.09375	0	0.0383523	0.00125904	0	
2	0.429526	0.570474	0	0.09375	0.046875	0.667398	0.692297	0.692297	0.000986683	0.046875	0.143175	0.429526	0.429526	0.0409983	0.0892108	0.267632	0	0.0159171	0.389562	0.129854	0	0.0557757	0	0	0	0.6875	0.046875	0	0.0255682	0.000455998	1	
2	0.570474	0.429526	0	0.03125	0.015625	0.618598	0.618598	0.618598	0	0.015625	0.570474	0.570474	0.570474	0	0.352894	0.352894	0.352894	0	0.501469	0.167156	0	0.0953584	0	0	1	0.6875	0.015625	0	0.00426136	4.84246e-05	0	
2	0.570474	0.429526	0	0.0625	0.03125	0.637822	0.657045	0.657045	0.000369543	0.03125	0.285237	0.570474	0.570474	0.0813603	0.176447	0.352894	0	0.0311336	0.483385	0.161128	0	0.0919196	0	0	1	0.6875	0.03125	0	0.00852273	0.000193698	0	
2	0.570474	0.429526	0	0.0625	0.03125	0.637822	0.657045	0.657045	0.000369543	0.03125	0.285237	0.570474	0.570474	0.0813603	0.176447	0.352894	0	0.0311336	0.505977	0	0.168659	0.0962157	0	0	1	0.6875	0.03125	0	0.00852273	0.000193698	0	
2	0.570474	0.429526	0	0.09375	0.046875	0.650309	0.734471	0.734471	0.00442843	0.046875	0.190158	0.570474	0.570474	0.0723202	0.122595	0.367786	0	0.0300592	0.267726	0.0892421	0	0.0509103	0	0	0	0.6875	0.046875	0	0.0241477	0.000371255	0	
3	0.303047	0.696953	0	0.125	0.0625	0.741178	0.84566	0.84566	0.00458747	0.0625	0.0757617	0.303047	0.303047	0.0172195	0.049713	0.198852	0	0.00741415	0.277888	0	0.0926294	0.028071	0	0	0	0.625	0.0625	0	0.021875	0.000546875	0	
3	0.499901	0.500099	0	0.03125	0.015625	0.618598	0.618598	0.618598	0	0.015625	0.499901	0.499901	0.499901	0	0.309238	0.309238	0.309238	0	0.501469	0.167156	0	0.0835616	0	0	1	0.625	0.015625	0	0.0046875	5.12695e-05	0	
3	0.499901	0.500099	0	0.0625	0.03125	0.637822	0.657045	0.657045	0.000369543	0.03125	0.249951	0.499901	0.499901	0.0624753	0.154619	0.309238	0	0.023907	0.483385	0.161128	0	0.0805482	0	0	1	0.625	0.03125	0	0.009375	0.000205078	0	
3	0.499901	0.500099	0	0.0625	0.03125	0.637822	0.657045	0.657045	0.000369543	0.03125	0.249951	0.499901	0.499901	0.0624753	0.154619	0.309238	0	0.023907	0.505977	0	0.168659	0.0843129	0	0	1	0.625	0.03125	0	0.009375	0.000205078	0	
3	0.500099	0.499901	0	0.21875	0.109375	0.642594	0.708196	0.708196	0.00225216	0.109375	0.0714427	0.303047	0.303047	0.0135626	0.0447654	0.198852	0	0.00551801	0.421077	0	0.140359	0.0701934	1	0	1	0.625	0.109375	0	0.0484375	0.00177979	1	
3	0.500099	0.499901	0	0.21875	0.109375	0.642594	0.708196	0.708196	0.00225216	0.109375	0.0714427	0.303047	0.303047	0.0135626	0.0447654	0.198852	0	0.00551801	0.313635	0	0.104545	0.0522829	0	0	1	0.625	0.109375	0	0.0484375	0.00177979	1	
4	0.428913	0.571087	0	0.1875	0.09375	0.709001	0.84566	0.84566	0.00647541	0.09375	0.0714855	0.428913	0.428913	0.0255509	0.0415398	0.249239	0	0.00862776	0.280402	0	0.0934673	0.0400894	0	0	1	0.5625	0.09375	0	0.0434028	0.00129003	1	
4	0.571087	0.428913	0	0.09375	0.046875	0.674371	0.734471	0.734471	0.00180607	0.046875	0.190362	0.571087	0.571087	0.0724756	0.122727	0.368181	0	0.0301238	0.433822	0	0.144607	0.0825834	0	0	0	0.5625	0.046875	0	0.0260417	0.000379774	0	
4	0.571087	0.428913	0	0.09375	0.046875	0.650309	0.734471	0.734471	0.00442843	0.046875	0.190362	0.571087	0.571087	0.0724756	0.122727	0.368181	0	0.0301238	0.267726	0.0892421	0	0.050965	0	0	0	0.5625	0.046875	0	0.0277778	0.000421971	0	
4	0.499844	0.500156	0	0.15625	0.078125	0.703619	0.765037	0.765037	0.00165514	0.078125	0.0999689	0.499844	0.499844	0.0399751	0.0685497	0.342748	0	0.0187962	0.586035	0	0.195345	0.0976422	0	0	0	0.5625	0.078125	0	0.0329861	0.00121769	1	
4	0.500156	0.499844	0	0.1875	0.09375	0.615702	0.691017	0.691017	0.0016454	0.09375	0.0833593	0.500156	0.500156	0.0347439	0.0501169	0.300701	0	0.0125585	0.511873	0.170624	0	0.0853388	0	0	1	0.5625	0.09375	0	0.0434028	0.00183256	1	
5	0.354351	0.645649	0	0.125	0.0625	0.741178	0.84566	0.84566	0.00458747	0.0625	0.0885877	0.354351	0.354351	0.0235433	0.0581291	0.232516	0	0.010137	0.277888	0	0.0926294	0.0328233	0	0	0	0.8125	0.0625	0	0.0180288	0.000482503	0	
5	0.500099	0.499901	0	0.21875	0.109375	0.70583	0.84566	0.84566	0.00561065	0.109375	0.0714427	0.354351	0.354351	0.0158684	0.0453157	0.232516	0	0.00669461	0.280402	0	0.0934673	0.0467429	0	0	1	0.8125	0.109375	0	0.0372596	0.00152263	0	
5	0.500099	0.499901	0	0.1875	0.09375	0.721105	0.84566	0.84566	0.00444935	0.09375	0.0833498	0.500099	0.500099	0.034736	0.0519343	0.311606	0	0.0134859	0.48283	0	0.160943	0.0804875	0	0	1	0.8125	0.09375	0	0.0348558	0.00117014	1	
5	0.499901	0.500099	0	0.03125	0.015625	0.618598	0.618598	0.618598	0	0.015625	0.499901	0.499901	0.499901	0	0.309238	0.309238	0.309238	0	0.501469	0.167156	0	0.0835616	0	0	1	0.8125	0.015625	0	0.00360577	4.33386e-05	0	
5	0.499901	0.500099	0	0.0625	0.03125	0.637822	0.657045	0.657045	0.000369543	0.03125	0.249951	0.499901	0.499901	0.0624753	0.154619	0.309238	0	0.023907	0.483385	0.161128	0	0.0805482	0	0	1	0.8125	0.03125	0	0.00721154	0.000173354	0	
5	0.499901	0.500099	0	0.0625	0.03125	0.637822	0.657045	0.657045	0.000369543	0.03125	0.249951	0.499901	0.499901	0.0624753	0.154619	0.309238	0	0.023907	0.505977	0	0.168659	0.0843129	0	0	1	0.8125	0.03125	0	0.00721154	0.000173354	0	
6	0.932256	0.0677443	0	0.03125	0.015625	0.570452	0.570452	0.570452	0	0.015625	0.932256	0.932256	0.932256	0	0.531808	0.531808	0.531808	0	0.543501	0.181167	0	0.168894	0	0	1	0.5625	0.015625	0	0.00347222	4.21971e-05	0	
6	0.932256	0.0677443	0	0.0625	0.03125	0.585003	0.599554	0.599554	0.000211728	0.03125	0.466128	0.932256	0.932256	0.217275	0.265904	0.531808	0	0.0707048	0.503926	0.167975	0	0.156596	0	0	1	0.5625	0.03125	0	0.0104167	0.00016276	0	
6	0.817366	0.182634	0	0.15625	0.078125	0.703619	0.765037	0.765037	0.00165514	0.078125	0.163473	0.749622	0.749622	0.0865809	0.111558	0.514023	0	0.0407819	0.586035	0	0.195345	0.159668	0	0	0	0.5625	0.078125	0	0.0329861	0.00121769	1	
6	0.932256	0.0677443	0	0.09375	0.046875	0.633916	0.730275	0.730275	0.00479824	0.046875	0.310752	0.932256	0.932256	0.193134	0.177269	0.531808	0	0.0628487	0.558808	0.186269	0	0.173651	0	0	1	0.5625	0.046875	0	0.0173611	0.000349633	0	
6	0.250378	0.749622	0	0.1875	0.09375	0.615702	0.691017	0.691017	0.0016454	0.09375	0.0417297	0.182634	0.182634	0.00458271	0.0246408	0.109802	0	0.00164346	0.511873	0.170624	0	0.0427206	0	0	1	0.5625	0.09375	0	0.0434028	0.00183256	0	
7	0.738971	0.261029	0	0.03125	0.015625	0.618598	0.618598	0.618598	0	0.015625	0.738971	0.738971	0.738971	0	0.457126	0.457126	0.457126	0	0.501469	0.167156	0	0.123524	0	0	1	0.9375	0.015625	0	0.003125	3.90625e-05	0	
7	0.738971	0.261029	0	0.0625	0.03125	0.637822	0.657045	0.657045	0.000369543	0.03125	0.369485	0.738971	0.738971	0.136519	0.228563	0.457126	0	0.052241	0.483385	0.161128	0	0.119069	0	0	1	0.9375	0.03125	0	0.00625	0.00015625	0	
7	0.725872	0.274128	0	0.1875	0.09375	0.670884	0.734471	0.734471	0.00140853	0.09375	0.120979	0.725872	0.725872	0.0731792	0.0779952	0.467971	0	0.0304162	0.433822	0	0.144607	0.104967	0	0	0	0.9375	0.09375	0	0.0208333	0.00129123	1	
7	0.738971	0.261029	0	0.0625	0.03125	0.637822	0.657045	0.657045	0.000369543	0.03125	0.369485	0.738971	0.738971	0.136519	0.228563	0.457126	0	0.052241	0.505977	0	0.168659	0.124634	0	0	1	0.9375	0.03125	0	0.00625	0.00015625	0	
7	0.348039	0.651961	0	0.1875	0.09375	0.607777	0.645584	0.645584	0.000556373	0.09375	0.0580065	0.17402	0.17402	0.00420595	0.0356253	0.103705	0	0.00153292	0.543501	0.181167	0	0.0630532	0	0	1	0.9375	0.09375	0	0.05	0.000917969	0	
7	1	1.11022e-16	-0.0122854	0.25	0.125	0.620791	0.730275	0.730275	0.00211574	0.125	0.125	0.651961	0.651961	0.0431846	0.0756144	0.395379	0	0.0158676	0.558808	0.186269	0	0.186269	0	0	1	0.9375	0.125	0	0.065625	0.00147135	0	
7	0.435049	0.564951	0	0.21875	0.109375	0.623775	0.64587	0.64587	0.000558239	0.109375	0.0621499	0.17402	0.17402	0.0037081	0.0382841	0.103705	0	0.0013576	0.553337	0.184446	0	0.080243	0	0	0	0.9375	0.109375	0	0.0520833	0.000998264	0	
8	0.0893368	0.910663	0	0.125	0.0625	0.748836	0.84566	0.84566	0.0034615	0.0625	0.0223342	0.0893368	0.0893368	0.00149645	0.0153393	0.0613573	0	0.000705884	0.280402	0	0.0934673	0.00835008	0	0	1	0.625	0.0625	0	0.0171875	0.000705566	0	
8	0.926909	0.0730908	0	0.15625	0.078125	0.723687	0.84566	0.84566	0.00529922	0.078125	0.185382	0.837572	0.837572	0.107535	0.116648	0.521881	0	0.0416183	0.48283	0	0.160943	0.14918	0	0	1	0.625	0.078125	0	0.021875	0.00113281	1	
8	0.926909	0.0730908	0	0.0625	0.03125	0.654948	0.686808	0.686808	0.00101506	0.03125	0.463455	0.837572	0.837572	0.139964	0.291619	0.521881	0.0613573	0.0530206	0.389562	0.129854	0	0.120363	0	0	0	0.625	0.03125	0	0.009375	0.000205078	0	
8	0.926909	0.0730908	0	0.09375	0.046875	0.681456	0.734471	0.734471	0.002082	0.046875	0.30897	0.837572	0.837572	0.141041	0.194413	0.521881	0	0.0542453	0.433822	0	0.144607	0.134038	0	0	0	0.625	0.046875	0	0.0140625	0.000461426	0	
8	0.146182	0.853818	0	0.15625	0.078125	0.609998	0.645584	0.645584	0.000638056	0.078125	0.0292363	0.0730908	0.0730908	0.00128214	0.0173903	0.0452566	0	0.000454901	0.543501	0.181167	0	0.0264833	0	0	1	0.625	0.078125	0	0.0390625	0.000842285	0	
8	0.0730908	0.926909	0	0.15625	0.078125	0.70143	0.765037	0.765037	0.0017295	0.078125	0.0146182	0.0730908	0.0730908	0.000854762	0.00994136	0.0497068	0	0.000395322	0.586035	0	0.195345	0.0142779	0	0	0	0.625	0.078125	0	0.03125	0.00102539	0	
9	0.344411	0.655589	0	0.09375	0.046875	0.674371	0.734471	0.734471	0.00180607	0.046875	0.114804	0.344411	0.344411	0.0263597	0.074014	0.222042	0	0.0109562	0.433822	0	0.144607	0.0498043	0	0	0	0.75	0.046875	0	0.0104167	0.000339084	1	
9	0.898595	0.101405	0	0.09375	0.046875	0.650309	0.734471	0.734471	0.00442843	0.046875	0.299532	0.554184	0.554184	0.0521937	0.179633	0.316858	0	0.0176324	0.267726	0.0892421	0	0.0801925	0	0	0	0.75	0.046875	0	0.0117188	0.000411987	0	
9	0.898595	0.101405	0	0.1875	0.09375	0.634311	0.708196	0.708196	0.00214718	0.09375	0.149766	0.554184	0.554184	0.0485267	0.0898167	0.316858	0	0.0168832	0.421077	0	0.140359	0.126126	0	0	1	0.75	0.09375	0	0.0182292	0.00121392	1	
9	0.898595	0.101405	0	0.1875	0.09375	0.634311	0.708196	0.708196	0.00214718	0.09375	0.149766	0.554184	0.554184	0.0485267	0.0898167	0.316858	0	0.0168832	0.313635	0	0.104545	0.0939437	0	0	1	0.75	0.09375	0	0.0182292	0.00121392	1	
9	0.304216	0.695784	0	0.125	0.0625	0.607398	0.639841	0.639841	0.00035103	0.0625	0.0760539	0.101405	0.101405	0.00192807	0.0453725	0.060553	0	0.000686223	0.553337	0.184446	0	0.0561113	0	0	0	0.75	0.0625	0	0.0221354	0.000466241	0	
10	0.224078	0.775922	0	0.15625	0.078125	0.739223	0.84566	0.84566	0.00368526	0.078125	0.0448156	0.224078	0.224078	0.00803375	0.0327783	0.163891	0	0.00429766	0.277888	0	0.0926294	0.0207562	0	0	0	0.5	0.078125	0	0.0351562	0.000839233	0	
10	0.264292	0.735708	0	0.21875	0.109375	0.712201	0.84566	0.84566	0.0056118	0.109375	0.037756	0.224078	0.224078	0.0059785	0.0267513	0.163891	0	0.00319957	0.280402	0	0.0934673	0.0247027	0	0	1	0.5	0.109375	0	0.0546875	0.00164795	0	
10	0.224078	0.775922	0	0.15625	0.078125	0.749627	0.84566	0.84566	0.00239019	0.078125	0.0448156	0.224078	0.224078	0.00803375	0.0327783	0.163891	0	0.00429766	0.48283	0	0.160943	0.0360638	0	0	1	0.5	0.078125	0	0.0351562	0.000839233	1	
10	0.959786	0.0402137	0	0.125	0.0625	0.688629	0.734471	0.734471	0.00196441	0.0625	0.239947	0.735708	0.735708	0.090295	0.159551	0.474312	0	0.0375016	0.433822	0	0.144607	0.138792	0	0	0	0.5	0.0625	0	0.0351562	0.000595093	0	
10	0.959786	0.0402137	0	0.09375	0.046875	0.650309	0.734471	0.734471	0.00442843	0.046875	0.319929	0.735708	0.735708	0.0948048	0.20081	0.474312	0	0.0401374	0.267726	0.0892421	0	0.0856533	0	0	0	0.5	0.046875	0	0.03125	0.000366211	0	
10	0.775922	0.224078	0	0.03125	0.015625	0.570452	0.570452	0.570452	0	0.015625	0.775922	0.775922	0.775922	0	0.442627	0.442627	0.442627	0	0.543501	0.181167	0	0.140571	0	0	1	0.5	0.015625	0	0.00390625	4.57764e-05	0	
10	0.775922	0.224078	0	0.0625	0.03125	0.585003	0.599554	0.599554	0.000211728	0.03125	0.387961	0.775922	0.775922	0.150514	0.221313	0.442627	0	0.0489796	0.503926	0.167975	0	0.130336	0	0	1	0.5	0.03125	0	0.0117188	0.000167847	0	
10	0.775922	0.224078	0	0.09375	0.046875	0.603828	0.64001	0.64001	0.000810309	0.046875	0.258641	0.775922	0.775922	0.13379	0.147542	0.442627	0	0.0435374	0.558808	0.186269	0	0.14453	0	0	1	0.5	0.046875	0	0.0195312	0.000411987	0	
11	0.171279	0.828721	0	0.0625	0.03125	0.779366	0.84566	0.84566	0.0043949	0.03125	0.0856395	0.171279	0.171279	0.00733412	0.0610671	0.122134	0	0.00372919	0.372781	0.12426	0	0.0212832	0	0	0	0.5625	0.03125	0	0.015625	0.000217014	0	
11	0.171279	0.828721	0	0.0625	0.03125	0.779366	0.84566	0.84566	0.0043949	0.03125	0.0856395	0.171279	0.171279	0.00733412	0.0610671	0.122134	0	0.00372919	0.370198	0.123399	0	0.0211357	0	0	0	0.5625	0.03125	0	0.015625	0.000217014	0	
11	0.612192	0.387808	0	0.03125	0.015625	0.618598	0.618598	0.618598	0	0.015625	0.612192	0.612192	0.612192	0	0.378701	0.378701	0.378701	0	0.501469	0.167156	0	0.102332	0	0	1	0.5625	0.015625	0	0.00520833	5.42535e-05	1	
11	0.612192	0.387808	0	0.0625	0.03125	0.637822	0.657045	0.657045	0.000369543	0.03125	0.306096	0.612192	0.612192	0.0936948	0.189351	0.378701	0	0.0358536	0.483385	0.161128	0	0.0986415	0	0	1	0.5625	0.03125	0	0.0104167	0.000217014	1	
11	0.216529	0.783471	0	0.15625	0.078125	0.688034	0.734471	0.734471	0.00157295	0.078125	0.0433058	0.216529	0.216529	0.00750156	0.0296927	0.148464	0	0.00352664	0.433822	0	0.144607	0.0313117	0	0	0	0.5625	0.078125	0	0.0347222	0.000855999	0	
11	0.612192	0.387808	0	0.0625	0.03125	0.637822	0.657045	0.657045	0.000369543	0.03125	0.306096	0.612192	0.612192	0.0936948	0.189351	0.378701	0	0.0358536	0.505977	0	0.168659	0.103252	0	0	1	0.5625	0.03125	0	0.0104167	0.000217014	1	
11	0.216529	0.783471	0	0.09375	0.046875	0.650309	0.734471	0.734471	0.00442843	0.046875	0.0721763	0.216529	0.216529	0.0104188	0.0412672	0.123802	0	0.00340596	0.267726	0.0892421	0	0.0193235	0	0	0	0.5625	0.046875	0	0.0243056	0.000440056	0	
11	0.171279	0.828721	0	0.03125	0.015625	0.713072	0.713072	0.713072	0	0.015625	0.171279	0.171279	0.171279	0	0.122134	0.122134	0.122134	0	0.547323	0.182441	0	0.0312483	0	0	0	0.5625	0.015625	0	0.00694444	6.02816e-05	0	
12	0.247465	0.752535	0	0.1875	0.09375	0.721105	0.84566	0.84566	0.00444935	0.09375	0.0412442	0.247465	0.247465	0.00850541	0.0256988	0.154193	0	0.00330213	0.48283	0	0.160943	0.0398278	0	0	1	1.0625	0.09375	0	0.0183824	0.00106949	1	
12	0.247465	0.752535	0	0.09375	0.046875	0.667398	0.692297	0.692297	0.000986683	0.046875	0.0824883	0.247465	0.247465	0.0136087	0.0513975	0.154193	0	0.00528341	0.389562	0.129854	0	0.0321344	0	0	0	1.0625	0.046875	0	0.0119485	0.000388598	0	
12	0.267791	0.732209	0	0.03125	0.015625	0.618598	0.618598	0.618598	0	0.015625	0.267791	0.267791	0.267791	0	0.165655	0.165655	0.165655	0	0.501469	0.167156	0	0.044763	0	0	1	1.0625	0.015625	0	0.00275735	3.54806e-05	0	
12	0.267791	0.732209	0	0.0625	0.03125	0.637822	0.657045	0.657045	0.000369543	0.03125	0.133895	0.267791	0.267791	0.017928	0.0828275	0.165655	0	0.0068604	0.483385	0.161128	0	0.0431487	0	0	1	1.0625	0.03125	0	0.00551471	0.000141923	0	
12	0.267791	0.732209	0	0.0625	0.03125	0.637822	0.657045	0.657045	0.000369543	0.03125	0.133895	0.267791	0.267791	0.017928	0.0828275	0.165655	0	0.0068604	0.505977	0	0.168659	0.0451654	0	0	1	1.0625	0.03125	0	0.00551471	0.000141923	0	
12	0.727116	0.272884	0	0.1875	0.09375	0.607777	0.645584	0.645584	0.000556373	0.09375	0.121186	0.484744	0.484744	0.0342674	0.0731441	0.288877	0	0.0123077	0.543501	0.181167	0	0.131729	0	0	1	1.0625	0.09375	0	0.046875	0.00094784	0	
12	0.727116	0.272884	0	0.21875	0.109375	0.623775	0.64587	0.64587	0.000558239	0.109375	0.103874	0.484744	0.484744	0.0311704	0.0636143	0.288877	0	0.0113701	0.553337	0.184446	0	0.134113	0	0	0	1.0625	0.109375	0	0.0505515	0.00107794	0	
13	0.508513	0.491487	0	0.125	0.0625	0.715839	0.84566	0.84566	0.00880655	0.0625	0.127128	0.436187	0.436187	0.032711	0.0877335	0.308906	0	0.0166002	0.280402	0	0.0934673	0.0475294	0	0	1	0.9375	0.0625	0	0.0114583	0.00047092	0	
13	0.436187	0.563813	0	0.09375	0.046875	0.760754	0.84566	0.84566	0.00367255	0.046875	0.145396	0.436187	0.436187	0.0422799	0.102969	0.308906	0	0.0212051	0.48283	0	0.160943	0.0702014	0	0	1	0.9375	0.046875	0	0.00833333	0.000256076	1	
13	0.2	0.8	0	0.03125	0.015625	0.618598	0.618598	0.618598	0	0.015625	0.2	0.2	0.2	0	0.12372	0.12372	0.12372	0	0.501469	0.167156	0	0.0334313	0	0	1	0.9375	0.015625	0	0.003125	3.90625e-05	0	
13	0.2	0.8	0	0.0625	0.03125	0.637822	0.657045	0.657045	0.000369543	0.03125	0.1	0.2	0.2	0.01	0.0618598	0.12372	0	0.00382664	0.483385	0.161128	0	0.0322257	0	0	1	0.9375	0.03125	0	0.00625	0.00015625	0	
13	0.2	0.8	0	0.0625	0.03125	0.637822	0.657045	0.657045	0.000369543	0.03125	0.1	0.2	0.2	0.01	0.0618598	0.12372	0	0.00382664	0.505977	0	0.168659	0.0337318	0	0	1	0.9375	0.03125	0	0.00625	0.00015625	0	
13	0.491487	0.508513	0	0.03125	0.015625	0.571756	0.571756	0.571756	0	0.015625	0.491487	0.491487	0.491487	0	0.28101	0.28101	0.28101	0	0.267726	0.0892421	0	0.0438613	0	0	0	0.9375	0.015625	0	0.00416667	4.77431e-05	0	
13	0.4	0.6	0	0.15625	0.078125	0.70143	0.765037	0.765037	0.0017295	0.078125	0.08	0.4	0.4	0.0256	0.0544055	0.272028	0	0.0118399	0.586035	0	0.195345	0.0781381	0	0	0	0.9375	0.078125	0	0.0208333	0.000900608	1	
14	0.0880215	0.911979	0	0.15625	0.078125	0.740068	0.84566	0.84566	0.00367491	0.078125	0.0176043	0.0880215	0.0880215	0.00123965	0.0129502	0.0647508	0	0.000670827	0.277888	0	0.0926294	0.00815338	0	0	0	0.875	0.078125	0	0.0279018	0.000808404	0	
14	0.782658	0.217342	0	0.25	0.125	0.709555	0.84566	0.84566	0.00500642	0.125	0.0978322	0.606615	0.606615	0.0383635	0.0679644	0.416628	0	0.018088	0.280402	0	0.0934673	0.0731529	0	0	1	0.875	0.125	0	0.0491071	0.00198302	1	
14	0.217342	0.782658	0	0.125	0.0625	0.766926	0.84566	0.84566	0.00351138	0.0625	0.0543356	0.217342	0.217342	0.00885706	0.0375994	0.150398	0	0.00424115	0.372781	0.12426	0	0.027007	0	0	0	0.875	0.0625	0	0.0200893	0.000782246	0	
14	0.217342	0.782658	0	0.0625	0.03125	0.768823	0.84566	0.84566	0.00590395	0.03125	0.108671	0.217342	0.217342	0.0118094	0.0751988	0.150398	0	0.00565486	0.370198	0.123399	0	0.0268199	0	0	0	0.875	0.03125	0	0.0100446	0.000195562	0	
14	0.0880215	0.911979	0	0.03125	0.015625	0.618598	0.618598	0.618598	0	0.015625	0.0880215	0.0880215	0.0880215	0	0.0544499	0.0544499	0.0544499	0	0.501469	0.167156	0	0.0147134	0	0	1	0.875	0.015625	0	0.00334821	4.11053e-05	0	
14	0.0880215	0.911979	0	0.0625	0.03125	0.637822	0.657045	0.657045	0.000369543	0.03125	0.0440107	0.0880215	0.0880215	0.00193695	0.027225	0.0544499	0	0.000741199	0.483385	0.161128	0	0.0141828	0	0	1	0.875	0.03125	0	0.00669643	0.000164421	0	
14	0.911979	0.0880215	0	0.1875	0.09375	0.670884	0.734471	0.734471	0.00140853	0.09375	0.151996	0.606615	0.606615	0.0473916	0.102948	0.416628	0	0.0222228	0.433822	0	0.144607	0.131879	0	0	0	0.875	0.09375	0	0.0435268	0.00140132	0	
14	0.0880215	0.911979	0	0.0625	0.03125	0.637822	0.657045	0.657045	0.000369543	0.03125	0.0440107	0.0880215	0.0880215	0.00193695	0.027225	0.0544499	0	0.000741199	0.505977	0	0.168659	0.0148456	0	0	1	0.875	0.03125	0	0.00669643	0.000164421	0	
14	0.911979	0.0880215	0	0.15625	0.078125	0.675864	0.735625	0.735625	0.00382029	0.078125	0.182396	0.606615	0.606615	0.0513252	0.110341	0.346835	0	0.016649	0.267726	0.0892421	0	0.0813869	0	0	0	0.875	0.078125	0	0.0345982	0.000982791	0	
15	0.345698	0.654302	0	0.125	0.0625	0.699846	0.716448	0.716448	0.000637254	0.0625	0.0864246	0.345698	0.345698	0.0224076	0.0616535	0.246614	0	0.0114035	0.277888	0	0.0926294	0.0320218	0	0	0	0.625	0.0625	0	0.0296875	0.00060791	0	
15	0.345698	0.654302	0	0.125	0.0625	0.666774	0.716448	0.716448	0.00302327	0.0625	0.0864246	0.345698	0.345698	0.0224076	0.0616535	0.246614	0	0.0114035	0.280402	0	0.0934673	0.0323115	0	0	1	0.625	0.0625	0	0.0296875	0.00060791	1	
15	0.345698	0.654302	0	0.125	0.0625	0.654382	0.716448	0.716448	0.00292185	0.0625	0.0864246	0.345698	0.345698	0.0224076	0.0494137	0.197655	0	0.00732515	0.267726	0.0892421	0	0.0308508	0	0	0	0.625	0.0625	0	0.0359375	0.000686035	0	
15	0.654302	0.345698	0	0.09375	0.046875	0.593181	0.613154	0.613154	0.000307698	0.046875	0.218101	0.654302	0.654302	0.0951357	0.124416	0.373248	0	0.0309587	0.543501	0.181167	0	0.118538	0	0	1	0.625	0.046875	0	0.0125	0.000332031	0	
15	0.654302	0.345698	0	0.0625	0.03125	0.585003	0.599554	0.599554	0.000211728	0.03125	0.327151	0.654302	0.654302	0.107028	0.186624	0.373248	0	0.0348285	0.503926	0.167975	0	0.109907	0	0	1	0.625	0.03125	0	0.009375	0.00015625	0	
15	0.058226	0.941774	0	0.15625	0.078125	0.703619	0.765037	0.765037	0.00165514	0.078125	0.0116452	0.058226	0.058226	0.000542443	0.00798523	0.0399262	0	0.000255056	0.586035	0	0.195345	0.0113742	0	0	0	0.625	0.078125	0	0.0296875	0.00119385	0	
15	0.654302	0.345698	0	0.125	0.0625	0.624421	0.730275	0.730275	0.00386912	0.0625	0.163575	0.654302	0.654302	0.0802708	0.093312	0.373248	0	0.0261214	0.558808	0.186269	0	0.121876	0	0	1	0.625	0.0625	0	0.01875	0.000576172	0	
15	0.941774	0.058226	0	0.21875	0.109375	0.615338	0.691017	0.691017	0.00141113	0.109375	0.134539	0.941774	0.941774	0.108605	0.080887	0.566209	0	0.0392562	0.511873	0.170624	0	0.16069	0	0	1	0.625	0.109375	0	0.0453125	0.00251221	0	
16	0.104048	0.895952	0	0.125	0.0625	0.748836	0.84566	0.84566	0.0034615	0.0625	0.0260121	0.104048	0.104048	0.00202989	0.0178653	0.0714612	0	0.000957508	0.280402	0	0.0934673	0.00972512	0	0	1	0.6875	0.0625	0	0.0213068	0.000811112	0	
16	0.867157	0.132843	0	0.03125	0.015625	0.618598	0.618598	0.618598	0	0.015625	0.867157	0.867157	0.867157	0	0.536422	0.536422	0.536422	0	0.501469	0.167156	0	0.144951	0	0	1	0.6875	0.015625	0	0.00426136	4.84246e-05	0	
16	0.867157	0.132843	0	0.0625	0.03125	0.637822	0.657045	0.657045	0.000369543	0.03125	0.433579	0.867157	0.867157	0.18799	0.268211	0.536422	0	0.0719371	0.483385	0.161128	0	0.139724	0	0	1	0.6875	0.03125	0	0.00852273	0.000193698	1	
16	0.867157	0.132843	0	0.0625	0.03125	0.637822	0.657045	0.657045	0.000369543	0.03125	0.433579	0.867157	0.867157	0.18799	0.268211	0.536422	0	0.0719371	0.505977	0	0.168659	0.146254	0	0	1	0.6875	0.03125	0	0.00852273	0.000193698	1	
16	0.199264	0.800736	0	0.15625	0.078125	0.609998	0.645584	0.645584	0.000638056	0.078125	0.0398528	0.0664214	0.0664214	0.00105883	0.0240708	0.0428806	0	0.000388844	0.543501	0.181167	0	0.0361001	0	0	1	0.6875	0.078125	0	0.0411932	0.000811112	0	
16	0.0664214	0.933579	0	0.15625	0.078125	0.70143	0.765037	0.765037	0.0017295	0.078125	0.0132843	0.0664214	0.0664214	0.000705888	0.00903423	0.0451712	0	0.000326469	0.586035	0	0.195345	0.0129751	0	0	0	0.6875	0.078125	0	0.0284091	0.00101288	0	
16	0.132843	0.867157	0	0.125	0.0625	0.631808	0.64587	0.64587	0.000434677	0.0625	0.0332107	0.0664214	0.0664214	0.00110295	0.0206159	0.0428806	0	0.000426374	0.553337	0.184446	0	0.0245023	0	0	0	0.6875	0.0625	0	0.0255682	0.000500387	0	
17	0.0907158	0.909284	0	0.125	0.0625	0.748836	0.84566	0.84566	0.0034615	0.0625	0.022679	0.0907158	0.0907158	0.00154301	0.0155761	0.0623044	0	0.000727844	0.280402	0	0.0934673	0.00847897	0	0	1	0.5625	0.0625	0	0.0260417	0.000868056	1	
17	0.0565939	0.943406	0	0.0625	0.03125	0.779366	0.84566	0.84566	0.0043949	0.03125	0.0282969	0.0565939	0.0565939	0.000800717	0.0201777	0.0403555	0	0.000407142	0.372781	0.12426	0	0.00703238	0	0	0	0.5625	0.03125	0	0.0138889	0.000241127	0	
17	0.0565939	0.943406	0	0.0625	0.03125	0.779366	0.84566	0.84566	0.0043949	0.03125	0.0282969	0.0565939	0.0565939	0.000800717	0.0201777	0.0403555	0	0.000407142	0.370198	0.123399	0	0.00698364	0	0	0	0.5625	0.03125	0	0.0138889	0.000241127	0	
17	0.943406	0.0565939	0	0.0625	0.03125	0.654948	0.686808	0.686808	0.00101506	0.03125	0.471703	0.85269	0.85269	0.145151	0.296803	0.531301	0.0623044	0.0549895	0.389562	0.129854	0	0.122505	0	0	0	0.5625	0.03125	0	0.0138889	0.000241127	0	
17	0.943406	0.0565939	0	0.09375	0.046875	0.681456	0.734471	0.734471	0.002082	0.046875	0.314469	0.85269	0.85269	0.146213	0.197869	0.531301	0	0.0562357	0.433822	0	0.144607	0.136424	0	0	0	0.5625	0.046875	0	0.0208333	0.000542535	0	
17	0.0565939	0.943406	0	0.03125	0.015625	0.713072	0.713072	0.713072	0	0.015625	0.0565939	0.0565939	0.0565939	0	0.0403555	0.0403555	0.0403555	0	0.547323	0.182441	0	0.0103251	0	0	0	0.5625	0.015625	0	0.00694444	6.02816e-05	0	
18	0.0675496	0.93245	0	0.0625	0.03125	0.724316	0.84566	0.84566	0.0147243	0.03125	0.0337748	0.0675496	0.0675496	0.00114074	0.0203653	0.0407305	0	0.000414744	0.372781	0.12426	0	0.00839374	0	0	0	0.6875	0.03125	0	0.00852273	0.000149309	0	
18	0.0675496	0.93245	0	0.0625	0.03125	0.724316	0.84566	0.84566	0.0147243	0.03125	0.0337748	0.0675496	0.0675496	0.00114074	0.0203653	0.0407305	0	0.000414744	0.370198	0.123399	0	0.00833556	0	0	0	0.6875	0.03125	0	0.00852273	0.000149309	0	
18	0.0675496	0.93245	0	0.03125	0.015625	0.602972	0.602972	0.602972	0	0.015625	0.0675496	0.0675496	0.0675496	0	0.0407305	0.0407305	0.0407305	0	0.547323	0.182441	0	0.0123238	0	0	0	0.6875	0.015625	0	0.00284091	3.63184e-05	0	
18	1	1.11022e-16	-0.0167686	0.1875	0.09375	0.607777	0.645584	0.645584	0.000556373	0.09375	0.166667	0.66468	0.66468	0.0585662	0.0987445	0.396108	0	0.0206055	0.543501	0.181167	0	0.181167	0	0	1	0.6875	0.09375	0	0.0497159	0.00127922	0	
18	1	1.11022e-16	-0.019817	0.15625	0.078125	0.598391	0.618831	0.618831	0.00025351	0.078125	0.2	0.66468	0.66468	0.0636128	0.118445	0.398512	0	0.0227352	0.503926	0.167975	0	0.167975	0	0	1	0.6875	0.078125	0	0.0426136	0.000803041	0	
18	0.864901	0.135099	0	0.15625	0.078125	0.70143	0.765037	0.765037	0.0017295	0.078125	0.17298	0.864901	0.864901	0.119689	0.117639	0.588193	0	0.0553553	0.586035	0	0.195345	0.168954	0	0	0	0.6875	0.078125	0	0.0284091	0.00101288	1	
18	1	1.11022e-16	-0.0268481	0.21875	0.109375	0.624169	0.730275	0.730275	0.00232666	0.109375	0.142857	0.66468	0.66468	0.0536009	0.0842605	0.396108	0	0.0188877	0.558808	0.186269	0	0.186269	0	0	1	0.6875	0.109375	0	0.0568182	0.00147695	0	
18	0.73223	0.26777	0	0.15625	0.078125	0.624781	0.64587	0.64587	0.000545258	0.078125	0.146446	0.66468	0.66468	0.0678262	0.0879434	0.396108	0	0.0240266	0.553337	0.184446	0	0.135057	0	0	0	0.6875	0.078125	0	0.0340909	0.000657767	0	
19	0.438686	0.561314	0	0.1875	0.09375	0.684727	0.765037	0.765037	0.00283609	0.09375	0.0731143	0.438686	0.438686	0.0267285	0.0439574	0.263745	0	0.00966128	0.497968	0	0.165989	0.0728172	0	0	1	0.625	0.09375	0	0.0265625	0.0013208	1	
19	0.0937926	0.906207	0	0.15625	0.078125	0.609998	0.645584	0.645584	0.000638056	0.078125	0.0187585	0.0937926	0.0937926	0.00140753	0.011615	0.0580748	0	0.00053963	0.543501	0.181167	0	0.0169921	0	0	1	0.625	0.078125	0	0.0453125	0.000705566	0	
20	0.193248	0.806752	0	0.03125	0.015625	0.696034	0.696034	0.696034	0	0.015625	0.193248	0.193248	0.193248	0	0.134507	0.134507	0.134507	0	0.267726	0.0892421	0	0.0172459	0	0	0	0.625	0.015625	0	0.00625	5.85937e-05	0	
20	0.998489	0.00151052	0	0.15625	0.078125	0.599237	0.618831	0.618831	0.000253466	0.078125	0.199698	0.998489	0.998489	0.159517	0.121106	0.60553	0	0.0586666	0.503926	0.167975	0	0.167722	0	0	1	0.625	0.078125	0	0.034375	0.000869141	0	
20	0.00151052	0.998489	0	0.15625	0.078125	0.70143	0.765037	0.765037	0.0017295	0.078125	0.000302105	0.00151052	0.00151052	3.65069e-07	0.000205452	0.00102726	0	1.68842e-07	0.586035	0	0.195345	0.000295073	0	0	0	0.625	0.078125	0	0.03125	0.00102539	1	
21	0.503935	0.496065	0	0.03125	0.015625	0.618598	0.618598	0.618598	0	0.015625	0.503935	0.503935	0.503935	0	0.311733	0.311733	0.311733	0	0.501469	0.167156	0	0.0842359	0	0	1	1.0625	0.015625	0	0.00275735	3.54806e-05	1	
21	0.503935	0.496065	0	0.0625	0.03125	0.637822	0.657045	0.657045	0.000369543	0.03125	0.251967	0.503935	0.503935	0.0634876	0.155867	0.311733	0	0.0242944	0.483385	0.161128	0	0.0811982	0	0	1	1.0625	0.03125	0	0.00551471	0.000141923	1	
21	0.503935	0.496065	0	0.0625	0.03125	0.637822	0.657045	0.657045	0.000369543	0.03125	0.251967	0.503935	0.503935	0.0634876	0.155867	0.311733	0	0.0242944	0.505977	0	0.168659	0.0849932	0	0	1	1.0625	0.03125	0	0.00551471	0.000141923	1	
21	0.602974	0.397026	0	0.21875	0.109375	0.604189	0.645584	0.645584	0.000554114	0.109375	0.0861391	0.282248	0.282248	0.0121245	0.051148	0.164456	0	0.0041923	0.543501	0.181167	0	0.109239	0	0	1	1.0625	0.109375	0	0.0487132	0.00114552	0	
21	1	1.11022e-16	-0.00667405	0.25	0.125	0.609164	0.645382	0.645382	0.000523067	0.125	0.125	0.679275	0.679275	0.0463378	0.0769244	0.411943	0	0.01702	0.503926	0.167975	0	0.167975	0	0	1	1.0625	0.125	0	0.0661765	0.00165238	0	
21	1	1.11022e-16	0.0478704	0.25	0.125	0.637525	0.680069	0.680069	0.000457483	0.125	0.125	0.679275	0.679275	0.0463378	0.0769244	0.411943	0	0.01702	0.47812	0	0.159373	0.159373	0	0	0	1.0625	0.125	0	0.0680147	0.0017791	0	
21	0.602974	0.397026	0	0.25	0.125	0.618636	0.64587	0.64587	0.000673316	0.125	0.0753717	0.282248	0.282248	0.0114205	0.0451093	0.164456	0	0.00397047	0.553337	0.184446	0	0.111216	0	0	0	1.0625	0.125	0	0.0523897	0.00131954	0	
22	0.233729	0.766271	0	0.03125	0.015625	0.602972	0.602972	0.602972	0	0.015625	0.233729	0.233729	0.233729	0	0.140932	0.140932	0.140932	0	0.372781	0.12426	0	0.0290433	0	0	0	1	0.015625	0	0.00195312	2.67029e-05	0	
22	0.233729	0.766271	0	0.03125	0.015625	0.602972	0.602972	0.602972	0	0.015625	0.233729	0.233729	0.233729	0	0.140932	0.140932	0.140932	0	0.370198	0.123399	0	0.028842	0	0	0	1	0.015625	0	0.00195312	2.67029e-05	0	
22	0.233729	0.766271	0	0.03125	0.015625	0.602972	0.602972	0.602972	0	0.015625	0.233729	0.233729	0.233729	0	0.140932	0.140932	0.140932	0	0.547323	0.182441	0	0.0426418	0	0	0	1	0.015625	0	0.00195312	2.67029e-05	0	
22	0.435092	0.564908	0	0.15625	0.078125	0.70143	0.765037	0.765037	0.0017295	0.078125	0.0870185	0.435092	0.435092	0.0302889	0.0591786	0.295893	0	0.0140084	0.586035	0	0.195345	0.0849932	0	0	0	1	0.078125	0	0.0195312	0.000869751	1	
22	0.564908	0.435092	0	0.25	0.125	0.618636	0.64587	0.64587	0.000673316	0.125	0.0706134	0.233729	0.233729	0.00985812	0.0433641	0.150845	0	0.00379196	0.553337	0.184446	0	0.104195	0	0	0	1	0.125	0	0.046875	0.00146484	0	
23	0.495957	0.504043	0	0.21875	0.109375	0.678171	0.765037	0.765037	0.00268882	0.109375	0.0708509	0.495957	0.495957	0.0301191	0.0425967	0.298177	0	0.0108869	0.497968	0	0.165989	0.0823236	0	0	1	0.6875	0.109375	0	0.0326705	0.00161819	1	
23	0.317962	0.682038	0	0.21875	0.109375	0.604189	0.645584	0.645584	0.000554114	0.109375	0.0454231	0.317962	0.317962	0.0123796	0.0281253	0.196877	0	0.00474618	0.543501	0.181167	0	0.0576042	0	0	1	0.6875	0.109375	0	0.0553977	0.00121465	0	
24	0.748507	0.251493	0	0.09375	0.046875	0.640964	0.657045	0.657045	0.000266109	0.046875	0.249502	0.503935	0.503935	0.0423372	0.156677	0.311733	0	0.0161976	0.483385	0.161128	0	0.120606	0	0	1	0.625	0.046875	0	0.015625	0.000390625	0	
24	0.503935	0.496065	0	0.0625	0.03125	0.637822	0.657045	0.657045	0.000369543	0.03125	0.251967	0.503935	0.503935	0.0634876	0.155867	0.311733	0	0.0242944	0.505977	0	0.168659	0.0849932	0	0	1	0.625	0.03125	0	0.0109375	0.000197754	1	
24	0.496065	0.503935	0	0.09375	0.046875	0.673858	0.765037	0.765037	0.00439693	0.046875	0.165355	0.251493	0.251493	0.0136791	0.103844	0.158299	0	0.00539603	0.593431	0.19781	0	0.0981268	0	0	0	0.625	0.046875	0	0.015625	0.000341797	0	
25	0.156856	0.843144	0	0.15625	0.078125	0.740068	0.84566	0.84566	0.00367491	0.078125	0.0313713	0.156856	0.156856	0.00393663	0.0230775	0.115388	0	0.00213029	0.277888	0	0.0926294	0.0145295	0	0	0	0.75	0.078125	0	0.0338542	0.00101047	0	
25	0.0130759	0.986924	0	0.125	0.0625	0.766926	0.84566	0.84566	0.00351138	0.0625	0.00326897	0.0130759	0.0130759	3.20585e-05	0.00226208	0.00904832	0	1.5351e-05	0.372781	0.12426	0	0.00162481	0	0	0	0.75	0.0625	0	0.0247396	0.000791762	0	
25	0.0130759	0.986924	0	0.09375	0.046875	0.741322	0.84566	0.84566	0.00544852	0.046875	0.00435863	0.0130759	0.0130759	3.79953e-05	0.00301611	0.00904832	0	1.81938e-05	0.370198	0.123399	0	0.00161355	0	0	0	0.75	0.046875	0	0.015625	0.000325521	0	
25	0.830068	0.169932	0	0.1875	0.09375	0.670884	0.734471	0.734471	0.00140853	0.09375	0.138345	0.673211	0.673211	0.060497	0.0951597	0.462367	0	0.0285405	0.433822	0	0.144607	0.120034	0	0	0	0.75	0.09375	0	0.0429688	0.00126648	1	
25	0.830068	0.169932	0	0.15625	0.078125	0.675864	0.735625	0.735625	0.00382029	0.078125	0.166014	0.673211	0.673211	0.068003	0.10006	0.384912	0	0.0222823	0.267726	0.0892421	0	0.074077	0	0	0	0.75	0.078125	0	0.0338542	0.000888401	0	
25	0.470569	0.529431	0	0.125	0.0625	0.607398	0.639841	0.639841	0.00035103	0.0625	0.117642	0.156856	0.156856	0.00461324	0.0701835	0.0936651	0	0.00164191	0.553337	0.184446	0	0.0867945	0	0	0	0.75	0.0625	0	0.0208333	0.000501845	0	
26	0.59652	0.40348	0	0.125	0.0625	0.733779	0.79837	0.79837	0.00158797	0.0625	0.14913	0.59652	0.59652	0.0667194	0.103196	0.412783	0	0.0319482	0.372781	0.12426	0	0.0741239	0	0	0	0.5625	0.0625	0	0.03125	0.000868056	0	
26	0.59652	0.40348	0	0.0625	0.03125	0.702529	0.713072	0.713072	0.000111158	0.03125	0.29826	0.59652	0.59652	0.0889591	0.206392	0.412783	0	0.0425975	0.370198	0.123399	0	0.0736101	0	0	0	0.5625	0.03125	0	0.015625	0.000217014	0	
26	0.427056	0.572944	0	0.15625	0.078125	0.703619	0.765037	0.765037	0.00165514	0.078125	0.0854113	0.427056	0.427056	0.0291803	0.0585674	0.292837	0	0.0137206	0.586035	0	0.195345	0.0834234	0	0	0	0.5625	0.078125	0	0.0329861	0.00121769	1	
26	0.572944	0.427056	0	0.21875	0.109375	0.615338	0.691017	0.691017	0.00141113	0.109375	0.0818491	0.572944	0.572944	0.0401956	0.0492089	0.344463	0	0.0145291	0.511873	0.170624	0	0.0977582	0	0	1	0.5625	0.109375	0	0.0503472	0.00253786	0	
27	0.210367	0.789633	0	0.15625	0.078125	0.740068	0.84566	0.84566	0.00367491	0.078125	0.0420735	0.210367	0.210367	0.0070807	0.0309503	0.154751	0	0.00383168	0.277888	0	0.0926294	0.0194862	0	0	0	0.9375	0.078125	0	0.0322917	0.000861545	0	
27	0.822096	0.177904	0	0.1875	0.09375	0.686552	0.765037	0.765037	0.00283574	0.09375	0.137016	0.822096	0.822096	0.093867	0.0823762	0.494257	0	0.0339292	0.497968	0	0.165989	0.136459	0	0	1	0.9375	0.09375	0	0.0197917	0.00112196	1	
27	0.177904	0.822096	0	0.125	0.0625	0.607398	0.639841	0.639841	0.00035103	0.0625	0.0444759	0.177904	0.177904	0.00593433	0.0265049	0.10602	0	0.00210753	0.553337	0.184446	0	0.0328136	0	0	0	0.9375	0.0625	0	0.0166667	0.00047092	0	
27	0.210367	0.789633	0	0.03125	0.015625	0.682853	0.682853	0.682853	0	0.015625	0.210367	0.210367	0.210367	0	0.14365	0.14365	0.14365	0	0.29834	0.0994467	0	0.0209203	0	0	0	0.9375	0.015625	0	0.00416667	4.77431e-05	0	
27	0.210367	0.789633	0	0.03125	0.015625	0.682853	0.682853	0.682853	0	0.015625	0.210367	0.210367	0.210367	0	0.14365	0.14365	0.14365	0	0.301385	0.100462	0	0.0211338	0	0	0	0.9375	0.015625	0	0.00416667	4.77431e-05	1	
28	0.503935	0.496065	0	0.03125	0.015625	0.657045	0.657045	0.657045	0	0.015625	0.503935	0.503935	0.503935	0	0.331108	0.331108	0.331108	0	0.483385	0.161128	0	0.0811982	0	0	1	1.125	0.015625	0	0.00260417	3.39084e-05	1	
28	0.503935	0.496065	0	0.03125	0.015625	0.657045	0.657045	0.657045	0	0.015625	0.503935	0.503935	0.503935	0	0.331108	0.331108	0.331108	0	0.505977	0	0.168659	0.0849932	0	0	1	1.125	0.015625	0	0.00260417	3.39084e-05	1	
28	0.503935	0.496065	0	0.03125	0.015625	0.657045	0.657045	0.657045	0	0.015625	0.503935	0.503935	0.503935	0	0.331108	0.331108	0.331108	0	0.62758	0.209193	0	0.10542	0	0	0	1.125	0.015625	0	0.00260417	3.39084e-05	1	
28	1	1.11022e-16	-0.0261451	0.125	0.0625	0.645951	0.674529	0.674529	0.000852544	0.0625	0.25	0.951033	0.951033	0.164215	0.150764	0.571775	0	0.0592465	0.497968	0	0.165989	0.165989	0	0	1	1.125	0.0625	0	0.0208333	0.000569661	0	
28	0.545033	0.454967	0	0.21875	0.109375	0.604189	0.645584	0.645584	0.000554114	0.109375	0.0778618	0.39813	0.39813	0.0182942	0.045806	0.231976	0	0.00620716	0.543501	0.181167	0	0.0987419	0	0	1	1.125	0.109375	0	0.0460069	0.00120639	0	
28	0.545033	0.454967	0	0.25	0.125	0.618636	0.64587	0.64587	0.000673316	0.125	0.0681291	0.39813	0.39813	0.0166705	0.0402428	0.231976	0	0.00565776	0.553337	0.184446	0	0.100529	0	0	0	1.125	0.125	0	0.0494792	0.00139025	0	
29	0.295424	0.704576	0	0.28125	0.140625	0.605627	0.652488	0.652488	0.000827033	0.140625	0.0328249	0.295424	0.295424	0.00861978	0.0195616	0.176054	0	0.00306124	0.543501	0.181167	0	0.053521	0	0	1	0.875	0.140625	0	0.0479911	0.00242272	0	
29	0.765249	0.234751	0	0.1875	0.09375	0.628342	0.692297	0.692297	0.00168307	0.09375	0.127542	0.765249	0.765249	0.0813343	0.0822262	0.493357	0	0.0338058	0.313635	0	0.104545	0.0800031	0	0	1	0.875	0.09375	0	0.03125	0.00142997	0	
29	0.295424	0.704576	0	0.25	0.125	0.618636	0.64587	0.64587	0.000673316	0.125	0.036928	0.295424	0.295424	0.00954573	0.0220068	0.176054	0	0.00339009	0.553337	0.184446	0	0.0544897	0	0	0	0.875	0.125	0	0.0412946	0.00186967	0	
29	0.704576	0.295424	0	0.1875	0.09375	0.614817	0.68571	0.68571	0.00151608	0.09375	0.117429	0.704576	0.704576	0.0689483	0.0706003	0.423602	0	0.024922	0.600397	0	0.200132	0.141008	0	0	1	0.875	0.09375	0	0.0223214	0.00128049	1	
29	0.704576	0.295424	0	0.15625	0.078125	0.600639	0.639841	0.639841	0.000613091	0.078125	0.140915	0.704576	0.704576	0.0794284	0.0847204	0.423602	0	0.0287102	0.511873	0.170624	0	0.120218	0	0	1	0.875	0.078125	0	0.0189732	0.000982791	0	
30	0.00158559	0.998414	0	0.125	0.0625	0.744158	0.84566	0.84566	0.00410762	0.0625	0.000396398	0.00158559	0.00158559	4.71393e-07	0.000291143	0.00116457	0	2.54292e-07	0.277888	0	0.0926294	0.000146872	0	0	0	0.75	0.0625	0	0.0208333	0.000664605	0	
30	0.00158559	0.998414	0	0.15625	0.078125	0.732688	0.84566	0.84566	0.00381233	0.078125	0.000317118	0.00158559	0.00158559	4.02256e-07	0.000232914	0.00116457	0	2.16996e-07	0.280402	0	0.0934673	0.000148201	0	0	1	0.75	0.078125	0	0.0273438	0.00110372	1	
30	0.998414	0.00158559	0	0.0625	0.03125	0.654948	0.686808	0.686808	0.00101506	0.03125	0.499207	0.998414	0.998414	0.249208	0.31105	0.6221	0	0.0967522	0.389562	0.129854	0	0.129648	0	0	0	0.75	0.03125	0	0.0130208	0.000237359	0	
30	0.00158559	0.998414	0	0.09375	0.046875	0.684611	0.734471	0.734471	0.00129013	0.046875	0.00052853	0.00158559	0.00158559	5.58689e-07	0.00038819	0.00116457	0	3.01383e-07	0.267726	0.0892421	0	0.000141501	0	0	0	0.75	0.046875	0	0.0169271	0.000466241	0	
30	0.900786	0.099214	0	0.03125	0.015625	0.671825	0.671825	0.671825	0	0.015625	0.900786	0.900786	0.900786	0	0.605171	0.605171	0.605171	0	0.593431	0.19781	0	0.178185	0	0	0	0.75	0.015625	0	0.00390625	4.57764e-05	0	
31	0.131868	0.868132	0	0.0625	0.03125	0.724316	0.84566	0.84566	0.0147243	0.03125	0.0659338	0.131868	0.131868	0.00434727	0.0397562	0.0795125	0	0.00158056	0.372781	0.12426	0	0.0163859	0	0	0	0.6875	0.03125	0	0.00852273	0.000149309	0	
31	0.131868	0.868132	0	0.0625	0.03125	0.724316	0.84566	0.84566	0.0147243	0.03125	0.0659338	0.131868	0.131868	0.00434727	0.0397562	0.0795125	0	0.00158056	0.370198	0.123399	0	0.0162724	0	0	0	0.6875	0.03125	0	0.00852273	0.000149309	0	
31	0.131868	0.868132	0	0.03125	0.015625	0.602972	0.602972	0.602972	0	0.015625	0.131868	0.131868	0.131868	0	0.0795125	0.0795125	0.0795125	0	0.547323	0.182441	0	0.0240581	0	0	0	0.6875	0.015625	0	0.00284091	3.63184e-05	0	
31	0.704236	0.295764	0	0.15625	0.078125	0.624781	0.64587	0.64587	0.000545258	0.078125	0.140847	0.704236	0.704236	0.0793517	0.0839362	0.419681	0	0.0281811	0.553337	0.184446	0	0.129893	0	0	0	0.6875	0.078125	0	0.0326705	0.000730404	0	
31	0.868132	0.131868	0	0.21875	0.109375	0.625782	0.691572	0.691572	0.00202089	0.109375	0.124019	0.704236	0.704236	0.0593065	0.0734665	0.422228	0	0.0212808	0.600397	0	0.200132	0.173741	0	0	1	0.6875	0.109375	0	0.0369318	0.00183206	1	
31	0.868132	0.131868	0	0.1875	0.09375	0.615794	0.691572	0.691572	0.00165938	0.09375	0.144689	0.704236	0.704236	0.0662002	0.0857109	0.422228	0	0.0237782	0.511873	0.170624	0	0.148125	0	0	1	0.6875	0.09375	0	0.03125	0.00150923	0	
32	0.0769229	0.923077	0	0.1875	0.09375	0.689175	0.734471	0.734471	0.0013173	0.09375	0.0128205	0.0769229	0.0769229	0.000821824	0.00879041	0.0527425	0	0.000386357	0.433822	0	0.144607	0.0111236	0	0	0	0.5625	0.09375	0	0.0520833	0.00124783	0	
32	0.0769229	0.923077	0	0.125	0.0625	0.661452	0.734471	0.734471	0.00369379	0.0625	0.0192307	0.0769229	0.0769229	0.00110946	0.0109953	0.0439811	0	0.000362688	0.267726	0.0892421	0	0.00686476	0	0	0	0.5625	0.0625	0	0.0347222	0.000584732	0	
32	0.727577	0.272423	0	0.0625	0.03125	0.620613	0.64001	0.64001	0.000376249	0.03125	0.363789	0.727577	0.727577	0.132342	0.218715	0.437431	0	0.0478364	0.497968	0	0.165989	0.12077	0	0	1	0.5625	0.03125	0	0.0138889	0.000241127	0	
32	0.923077	0.0769229	0	0.0625	0.03125	0.583563	0.596673	0.596673	0.000171879	0.03125	0.461539	0.923077	0.923077	0.213018	0.263286	0.526572	0	0.0693194	0.543501	0.181167	0	0.167231	0	0	1	0.5625	0.03125	0	0.00694444	0.000168789	1	
32	0.923077	0.0769229	0	0.15625	0.078125	0.584199	0.599554	0.599554	0.000295579	0.078125	0.184615	0.923077	0.923077	0.136331	0.105314	0.526572	0	0.0443644	0.503926	0.167975	0	0.155054	0	0	1	0.5625	0.078125	0	0.0208333	0.000976563	0	
32	0.923077	0.0769229	0	0.15625	0.078125	0.59316	0.64001	0.64001	0.000816563	0.078125	0.184615	0.923077	0.923077	0.136331	0.105314	0.526572	0	0.0443644	0.558808	0.186269	0	0.171941	0	0	1	0.5625	0.078125	0	0.0243056	0.000982591	0	
33	0.491432	0.508568	0	0.15625	0.078125	0.739223	0.84566	0.84566	0.00368526	0.078125	0.0982864	0.491432	0.491432	0.0386408	0.0718869	0.359435	0	0.0206709	0.277888	0	0.0926294	0.045521	0	0	0	0.625	0.078125	0	0.0328125	0.000949707	0	
33	0.648461	0.351539	0	0.25	0.125	0.708882	0.84566	0.84566	0.00498741	0.125	0.0810576	0.491432	0.491432	0.0267001	0.0563354	0.359435	0	0.0140163	0.280402	0	0.0934673	0.0606099	0	0	1	0.625	0.125	0	0.053125	0.00254883	0	
33	0.508568	0.491432	0	0.0625	0.03125	0.779366	0.84566	0.84566	0.0043949	0.03125	0.254284	0.508568	0.508568	0.0646604	0.181323	0.362646	0	0.032878	0.372781	0.12426	0	0.0631949	0	0	0	0.625	0.03125	0	0.0125	0.000234375	0	
33	0.508568	0.491432	0	0.0625	0.03125	0.779366	0.84566	0.84566	0.0043949	0.03125	0.254284	0.508568	0.508568	0.0646604	0.181323	0.362646	0	0.032878	0.370198	0.123399	0	0.0627569	0	0	0	0.625	0.03125	0	0.0125	0.000234375	0	
33	0.842971	0.157029	0	0.15625	0.078125	0.688034	0.734471	0.734471	0.00157295	0.078125	0.168594	0.491432	0.491432	0.044593	0.117214	0.359435	0	0.0223723	0.433822	0	0.144607	0.1219	0	0	0	0.625	0.078125	0	0.034375	0.00106445	0	
33	0.842971	0.157029	0	0.09375	0.046875	0.650309	0.734471	0.734471	0.00442843	0.046875	0.28099	0.491432	0.491432	0.0427394	0.169206	0.280979	0	0.0148074	0.267726	0.0892421	0	0.0752285	0	0	0	0.625	0.046875	0	0.0234375	0.00045166	0	
33	0.508568	0.491432	0	0.03125	0.015625	0.713072	0.713072	0.713072	0	0.015625	0.508568	0.508568	0.508568	0	0.362646	0.362646	0.362646	0	0.547323	0.182441	0	0.0927838	0	0	0	0.625	0.015625	0	0.00625	5.85937e-05	1	
34	0.495957	0.504043	0	0.125	0.0625	0.645951	0.674529	0.674529	0.000852544	0.0625	0.123989	0.495957	0.495957	0.0461199	0.0745442	0.298177	0	0.0166705	0.497968	0	0.165989	0.0823236	0	0	1	0.625	0.0625	0	0.025	0.000644531	1	
34	0.0859272	0.914073	0	0.21875	0.109375	0.604189	0.645584	0.645584	0.000554114	0.109375	0.0122753	0.0859272	0.0859272	0.000904099	0.00760067	0.0532047	0	0.000346621	0.543501	0.181167	0	0.0155672	0	0	1	0.625	0.109375	0	0.05625	0.00132813	0	
35	0.443607	0.556393	0	0.09375	0.046875	0.72131	0.779891	0.779891	0.00171592	0.046875	0.147869	0.443607	0.443607	0.0437305	0.102287	0.306861	0	0.0209253	0.389562	0.129854	0	0.0576042	0	0	0	0.75	0.046875	0	0.0195312	0.000452677	1	
35	0.199715	0.800285	0	0.1875	0.09375	0.628342	0.692297	0.692297	0.00168307	0.09375	0.0332858	0.199715	0.199715	0.00553973	0.0214594	0.128757	0	0.00230253	0.313635	0	0.104545	0.0208792	0	0	1	0.75	0.09375	0	0.0364583	0.00147841	0	
36	0.811581	0.188419	0	0.03125	0.015625	0.618598	0.618598	0.618598	0	0.015625	0.811581	0.811581	0.811581	0	0.502042	0.502042	0.502042	0	0.501469	0.167156	0	0.135661	0	0	1	0.625	0.015625	0	0.0046875	5.12695e-05	0	
36	0.811581	0.188419	0	0.0625	0.03125	0.637822	0.657045	0.657045	0.000369543	0.03125	0.40579	0.811581	0.811581	0.164666	0.251021	0.502042	0	0.0630116	0.483385	0.161128	0	0.130769	0	0	1	0.625	0.03125	0	0.009375	0.000205078	1	
36	0.811581	0.188419	0	0.0625	0.03125	0.637822	0.657045	0.657045	0.000369543	0.03125	0.40579	0.811581	0.811581	0.164666	0.251021	0.502042	0	0.0630116	0.505977	0	0.168659	0.13688	0	0	1	0.625	0.03125	0	0.009375	0.000205078	1	
36	0.976516	0.0234837	0	0.1875	0.09375	0.686552	0.765037	0.765037	0.00283574	0.09375	0.162753	0.599678	0.599678	0.0452811	0.107703	0.411205	0	0.0211902	0.497968	0	0.165989	0.162091	0	0	1	0.625	0.09375	0	0.0421875	0.0013208	0	
36	0.400322	0.599678	0	0.21875	0.109375	0.62654	0.691572	0.691572	0.0021152	0.109375	0.0571889	0.211903	0.211903	0.00821581	0.0371181	0.146546	0	0.00352343	0.511873	0.170624	0	0.0683047	0	0	1	0.625	0.109375	0	0.059375	0.00228516	0	
37	0.489277	0.510723	0	0.09375	0.046875	0.674371	0.734471	0.734471	0.00180607	0.046875	0.163092	0.489277	0.489277	0.0531981	0.105146	0.315437	0	0.0221113	0.433822	0	0.144607	0.070753	0	0	0	0.8125	0.046875	0	0.0144231	0.000355376	1	
37	0.72418	0.27582	0	0.1875	0.09375	0.686552	0.765037	0.765037	0.00283574	0.09375	0.120697	0.72418	0.72418	0.0728384	0.0827629	0.496577	0	0.0342485	0.497968	0	0.165989	0.120206	0	0	1	0.8125	0.09375	0	0.0396635	0.00148796	0	
37	0.27582	0.72418	0	0.25	0.125	0.624867	0.691572	0.691572	0.0018704	0.125	0.0344775	0.27582	0.27582	0.0083209	0.0238437	0.19075	0	0.00397966	0.511873	0.170624	0	0.0470617	0	0	1	0.8125	0.125	0	0.0564904	0.00283723	0	
38	0.134646	0.865354	0	0.125	0.0625	0.715839	0.84566	0.84566	0.00880655	0.0625	0.0336616	0.134646	0.134646	0.00339931	0.023839	0.0953561	0	0.0017049	0.280402	0	0.0934673	0.012585	0	0	1	0.625	0.0625	0	0.0171875	0.00060791	1	
38	0.134646	0.865354	0	0.09375	0.046875	0.760754	0.84566	0.84566	0.00367255	0.046875	0.0448822	0.134646	0.134646	0.00402881	0.0317854	0.0953561	0	0.00202062	0.48283	0	0.160943	0.0216704	0	0	1	0.625	0.046875	0	0.0125	0.000332031	0	
38	0.248681	0.751319	0	0.03125	0.015625	0.692765	0.692765	0.692765	0	0.015625	0.248681	0.248681	0.248681	0	0.172278	0.172278	0.172278	0	0.389562	0.129854	0	0.0322923	0	0	0	0.625	0.015625	0	0.00625	5.85937e-05	0	
38	0.865354	0.134646	0	0.0625	0.03125	0.63226	0.692765	0.692765	0.00366081	0.03125	0.432677	0.616672	0.616672	0.0338543	0.262432	0.352586	0.172278	0.00812775	0.267726	0.0892421	0	0.077226	0	0	0	0.625	0.03125	0	0.0125	0.000234375	0	
39	0.998991	0.00100882	0	0.125	0.0625	0.715839	0.84566	0.84566	0.00880655	0.0625	0.249748	0.501873	0.501873	0.0623768	0.160923	0.352057	0	0.0263526	0.280402	0	0.0934673	0.0933731	0	0	1	1.125	0.0625	0	0.00954861	0.000410669	1	
39	0.497119	0.502881	0	0.09375	0.046875	0.760754	0.84566	0.84566	0.00367255	0.046875	0.165706	0.497119	0.497119	0.0549171	0.117352	0.352057	0	0.0275432	0.48283	0	0.160943	0.0800079	0	0	1	1.125	0.046875	0	0.00694444	0.000223042	0	
39	0.333333	0.666667	0	0.03125	0.015625	0.618598	0.618598	0.618598	0	0.015625	0.333333	0.333333	0.333333	0	0.206199	0.206199	0.206199	0	0.501469	0.167156	0	0.0557188	0	0	1	1.125	0.015625	0	0.00260417	3.39084e-05	0	
39	0.333333	0.666667	0	0.0625	0.03125	0.637822	0.657045	0.657045	0.000369543	0.03125	0.166667	0.333333	0.333333	0.0277778	0.1031	0.206199	0	0.0106295	0.483385	0.161128	0	0.0537094	0	0	1	1.125	0.03125	0	0.00520833	0.000135634	0	
39	0.333333	0.666667	0	0.0625	0.03125	0.637822	0.657045	0.657045	0.000369543	0.03125	0.166667	0.333333	0.333333	0.0277778	0.1031	0.206199	0	0.0106295	0.505977	0	0.168659	0.0562197	0	0	1	1.125	0.03125	0	0.00520833	0.000135634	0	
39	0.00100882	0.998991	0	0.03125	0.015625	0.571756	0.571756	0.571756	0	0.015625	0.00100882	0.00100882	0.00100882	0	0.000576796	0.000576796	0.000576796	0	0.267726	0.0892421	0	9.00289e-05	0	0	0	1.125	0.015625	0	0.00347222	4.21971e-05	0	
40	0.22999	0.77001	0	0.15625	0.078125	0.740068	0.84566	0.84566	0.00367491	0.078125	0.0459981	0.22999	0.22999	0.0084633	0.0338374	0.169187	0	0.00457987	0.277888	0	0.0926294	0.0213039	0	0	0	0.875	0.078125	0	0.0334821	0.000901826	0	
40	1	1.11022e-16	0	0.21875	0.109375	0.678274	0.735625	0.735625	0.00275913	0.109375	0.142857	0.540019	0.540019	0.036365	0.0894601	0.308759	0	0.0128457	0.267726	0.0892421	0	0.0892421	0	0	0	0.875	0.109375	0	0.0513393	0.00168905	0	
40	0.156636	0.843364	0	0.125	0.0625	0.607398	0.639841	0.639841	0.00035103	0.0625	0.0391589	0.156636	0.156636	0.00460025	0.0233363	0.093345	0	0.00163374	0.553337	0.184446	0	0.0288908	0	0	0	0.875	0.0625	0	0.0167411	0.000504474	0	
40	0.22999	0.77001	0	0.03125	0.015625	0.682853	0.682853	0.682853	0	0.015625	0.22999	0.22999	0.22999	0	0.15705	0.15705	0.15705	0	0.29834	0.0994467	0	0.0228718	0	0	0	0.875	0.015625	0	0.00446429	4.98246e-05	0	
40	0.22999	0.77001	0	0.03125	0.015625	0.682853	0.682853	0.682853	0	0.015625	0.22999	0.22999	0.22999	0	0.15705	0.15705	0.15705	0	0.301385	0.100462	0	0.0231052	0	0	0	0.875	0.015625	0	0.00446429	4.98246e-05	1	
40	0.843364	0.156636	0	0.21875	0.109375	0.61458	0.68571	0.68571	0.00129983	0.109375	0.120481	0.843364	0.843364	0.0870935	0.0724348	0.507044	0	0.0314808	0.600397	0	0.200132	0.168784	0	0	1	0.875	0.109375	0	0.0279018	0.00168034	0	
41	0.0562914	0.943709	0	0.0625	0.03125	0.661871	0.686321	0.686321	0.000597838	0.03125	0.0281457	0.0562914	0.0562914	0.000792181	0.019317	0.038634	0	0.000373146	0.499317	0.166439	0	0.00936909	0	0	0	1.3125	0.03125	0	0.00297619	8.41482e-05	0	
41	0.0562914	0.943709	0	0.0625	0.03125	0.765991	0.84566	0.84566	0.00634719	0.03125	0.0281457	0.0562914	0.0562914	0.000792181	0.019317	0.038634	0	0.000373146	0.370198	0.123399	0	0.00694631	0	0	0	1.3125	0.03125	0	0.00446429	9.63276e-05	0	
41	0.0562914	0.943709	0	0.0625	0.03125	0.661871	0.686321	0.686321	0.000597838	0.03125	0.0281457	0.0562914	0.0562914	0.000792181	0.019317	0.038634	0	0.000373146	0.372413	0.124138	0	0.00698788	0	0	0	1.3125	0.03125	0	0.00297619	8.41482e-05	0	
41	0.48566	0.51434	0	0.125	0.0625	0.754472	0.84566	0.84566	0.00287281	0.0625	0.121415	0.48566	0.48566	0.0442248	0.0859856	0.343942	0	0.0221806	0.48283	0	0.160943	0.0781637	0	0	1	1.3125	0.0625	0	0.0111607	0.000491603	0	
41	0.343709	0.656291	0	0.0625	0.03125	0.632923	0.647248	0.647248	0.000205207	0.03125	0.171854	0.343709	0.343709	0.0295339	0.106309	0.212618	0	0.0113016	0.501469	0.167156	0	0.0574531	0	0	1	1.3125	0.03125	0	0.00372024	9.07915e-05	0	
41	0.343709	0.656291	0	0.09375	0.046875	0.640964	0.657045	0.657045	0.000266109	0.046875	0.11457	0.343709	0.343709	0.0262524	0.0708725	0.212618	0	0.0100458	0.483385	0.161128	0	0.0553812	0	0	1	1.3125	0.046875	0	0.00595238	0.000220336	0	
41	0.343709	0.656291	0	0.0625	0.03125	0.637822	0.657045	0.657045	0.000369543	0.03125	0.171854	0.343709	0.343709	0.0295339	0.106309	0.212618	0	0.0113016	0.505977	0	0.168659	0.0579696	0	0	1	1.3125	0.03125	0	0.00446429	0.000119579	1	
41	0.0562914	0.943709	0	0.03125	0.015625	0.686321	0.686321	0.686321	0	0.015625	0.0562914	0.0562914	0.0562914	0	0.038634	0.038634	0.038634	0	0.547323	0.182441	0	0.0102699	0	0	0	1.3125	0.015625	0	0.0014881	2.10371e-05	0	
41	0.8	0.2	0	0.28125	0.140625	0.626772	0.64587	0.64587	0.000467615	0.140625	0.0888889	0.6	0.6	0.0365432	0.054071	0.357563	0	0.0131332	0.553337	0.184446	0	0.147557	0	0	0	1.3125	0.140625	0	0.0572917	0.00172836	0	
42	0.633877	0.366123	0	0.125	0.0625	0.754472	0.84566	0.84566	0.00287281	0.0625	0.158469	0.633877	0.633877	0.0753375	0.112227	0.448909	0	0.0377849	0.48283	0	0.160943	0.102018	0	0	1	0.6875	0.0625	0	0.0213068	0.000722333	0	
42	0.189442	0.810558	0	0.09375	0.046875	0.626658	0.639923	0.639923	0.000323854	0.046875	0.0631474	0.189442	0.189442	0.00797518	0.0379652	0.113896	0	0.00288271	0.497968	0	0.165989	0.0314454	0	0	1	0.6875	0.046875	0	0.0198864	0.000359149	1	
42	0.810558	0.189442	0	0.28125	0.140625	0.614926	0.645584	0.645584	0.000518179	0.140625	0.090062	0.810558	0.810558	0.0648893	0.0557649	0.501884	0	0.0248778	0.543501	0.181167	0	0.146846	0	0	1	0.6875	0.140625	0	0.0596591	0.00230017	0	
43	0.182501	0.817499	0	0.09375	0.046875	0.720568	0.84566	0.84566	0.00984432	0.046875	0.0608336	0.182501	0.182501	0.00740145	0.0433787	0.130136	0	0.00376343	0.372781	0.12426	0	0.0226776	0	0	0	0.6875	0.046875	0	0.0142045	0.000375291	1	
43	0.182501	0.817499	0	0.09375	0.046875	0.720568	0.84566	0.84566	0.00984432	0.046875	0.0608336	0.182501	0.182501	0.00740145	0.0433787	0.130136	0	0.00376343	0.370198	0.123399	0	0.0225204	0	0	0	0.6875	0.046875	0	0.0142045	0.000375291	1	
43	0.817499	0.182501	0	0.0625	0.03125	0.654948	0.686808	0.686808	0.00101506	0.03125	0.40875	0.817499	0.817499	0.167076	0.254687	0.509374	0	0.0648655	0.389562	0.129854	0	0.106156	0	0	0	0.6875	0.03125	0	0.0113636	0.000225981	0	
43	0.817499	0.182501	0	0.09375	0.046875	0.681456	0.734471	0.734471	0.002082	0.046875	0.2725	0.817499	0.817499	0.148512	0.169791	0.509374	0	0.0576582	0.433822	0	0.144607	0.118216	0	0	0	0.6875	0.046875	0	0.0170455	0.000508458	0	
43	0.182501	0.817499	0	0.0625	0.03125	0.658022	0.713072	0.713072	0.00303049	0.03125	0.0912504	0.182501	0.182501	0.00832663	0.0650681	0.130136	0	0.00423385	0.547323	0.182441	0	0.0332956	0	0	0	0.6875	0.03125	0	0.00852273	0.000149309	1	
43	0.592665	0.407335	0	0.15625	0.078125	0.624781	0.64587	0.64587	0.000545258	0.078125	0.118533	0.592665	0.592665	0.0562004	0.0706383	0.353192	0	0.0199591	0.553337	0.184446	0	0.109315	0	0	0	0.6875	0.078125	0	0.0340909	0.000657767	0	
44	0.129511	0.870489	0	0.1875	0.09375	0.689175	0.734471	0.734471	0.0013173	0.09375	0.0215851	0.129511	0.129511	0.00232958	0.0147999	0.0887994	0	0.00109519	0.433822	0	0.144607	0.0187282	0	0	0	0.625	0.09375	0	0.0375	0.0012793	1	
44	0.129511	0.870489	0	0.125	0.0625	0.661452	0.734471	0.734471	0.00369379	0.0625	0.0323777	0.129511	0.129511	0.00314494	0.0185121	0.0740484	0	0.00102809	0.267726	0.0892421	0	0.0115578	0	0	0	0.625	0.0625	0	0.0265625	0.000686035	1	
44	0.681764	0.318236	0	0.0625	0.03125	0.620613	0.64001	0.64001	0.000376249	0.03125	0.340882	0.681764	0.681764	0.1162	0.204943	0.409887	0	0.0420018	0.497968	0	0.165989	0.113166	0	0	1	0.625	0.03125	0	0.0140625	0.000217285	0	
44	0.870489	0.129511	0	0.21875	0.109375	0.586265	0.61329	0.61329	0.000358353	0.109375	0.124356	0.870489	0.870489	0.0927859	0.070939	0.496573	0	0.030194	0.503926	0.167975	0	0.146221	0	0	1	0.625	0.109375	0	0.0359375	0.00171143	0	
44	0.870489	0.129511	0	0.1875	0.09375	0.589105	0.64001	0.64001	0.000762691	0.09375	0.145082	0.870489	0.870489	0.105243	0.0827621	0.496573	0	0.0342478	0.558808	0.186269	0	0.162145	0	0	1	0.625	0.09375	0	0.0296875	0.00119385	0	
45	0.715976	0.284024	0	0.125	0.0625	0.733779	0.79837	0.79837	0.00158797	0.0625	0.178994	0.715976	0.715976	0.0961166	0.123861	0.495445	0	0.0460249	0.372781	0.12426	0	0.0889675	0	0	0	0.5625	0.0625	0	0.03125	0.000868056	0	
45	0.715976	0.284024	0	0.0625	0.03125	0.702529	0.713072	0.713072	0.000111158	0.03125	0.357988	0.715976	0.715976	0.128155	0.247723	0.495445	0	0.0613665	0.370198	0.123399	0	0.0883509	0	0	0	0.5625	0.03125	0	0.015625	0.000217014	0	
45	0.494627	0.505373	0	0.03125	0.015625	0.618598	0.618598	0.618598	0	0.015625	0.494627	0.494627	0.494627	0	0.305976	0.305976	0.305976	0	0.501469	0.167156	0	0.0826801	0	0	1	0.5625	0.015625	0	0.00520833	5.42535e-05	0	
45	0.494627	0.505373	0	0.0625	0.03125	0.637822	0.657045	0.657045	0.000369543	0.03125	0.247314	0.494627	0.494627	0.061164	0.152988	0.305976	0	0.0234053	0.483385	0.161128	0	0.0796985	0	0	1	0.5625	0.03125	0	0.0104167	0.000217014	1	
45	0.494627	0.505373	0	0.0625	0.03125	0.637822	0.657045	0.657045	0.000369543	0.03125	0.247314	0.494627	0.494627	0.061164	0.152988	0.305976	0	0.0234053	0.505977	0	0.168659	0.0834234	0	0	1	0.5625	0.03125	0	0.0104167	0.000217014	1	
45	0.505373	0.494627	0	0.09375	0.046875	0.593181	0.613154	0.613154	0.000307698	0.046875	0.168458	0.505373	0.505373	0.0567559	0.096097	0.288291	0	0.0184693	0.543501	0.181167	0	0.0915568	0	0	1	0.5625	0.046875	0	0.0138889	0.000349633	0	
45	0.505373	0.494627	0	0.09375	0.046875	0.589049	0.599554	0.599554	0.000173881	0.046875	0.168458	0.505373	0.505373	0.0567559	0.096097	0.288291	0	0.0184693	0.503926	0.167975	0	0.0848901	0	0	1	0.5625	0.046875	0	0.0138889	0.000349633	0	
45	0.505373	0.494627	0	0.15625	0.078125	0.600912	0.64001	0.64001	0.000499082	0.078125	0.101075	0.505373	0.505373	0.0408643	0.0576582	0.288291	0	0.0132979	0.558808	0.186269	0	0.0941354	0	0	1	0.5625	0.078125	0	0.0260417	0.000922309	0	
46	0.9622	0.0377999	0	0.1875	0.09375	0.686552	0.765037	0.765037	0.00283574	0.09375	0.160367	0.815286	0.815286	0.0886617	0.108994	0.55905	0	0.0417112	0.497968	0	0.165989	0.159715	0	0	1	0.375	0.09375	0	0.0546875	0.00160726	0	
46	0.853086	0.146914	0	0.21875	0.109375	0.625782	0.691572	0.691572	0.00202089	0.109375	0.121869	0.815286	0.815286	0.0803078	0.0835987	0.55905	0	0.037757	0.600397	0	0.200132	0.17073	0	0	1	0.375	0.109375	0	0.0572917	0.0023329	1	
46	0.0377999	0.9622	0	0.21875	0.109375	0.62654	0.691572	0.691572	0.0021152	0.109375	0.00539998	0.0377999	0.0377999	0.000174959	0.00373448	0.0261413	0	8.3678e-05	0.511873	0.170624	0	0.00644958	0	0	1	0.375	0.109375	0	0.0598958	0.00255669	0	
47	0.0794959	0.920504	0	0.03125	0.015625	0.63742	0.63742	0.63742	0	0.015625	0.0794959	0.0794959	0.0794959	0	0.0506723	0.0506723	0.0506723	0	0.64788	0.21596	0	0.0171679	0	0	0	0.6875	0.015625	0	0.00284091	3.63184e-05	0	
47	0.0794959	0.920504	0	0.03125	0.015625	0.63742	0.63742	0.63742	0	0.015625	0.0794959	0.0794959	0.0794959	0	0.0506723	0.0506723	0.0506723	0	0.499317	0.166439	0	0.0132312	0	0	0	0.6875	0.015625	0	0.00284091	3.63184e-05	0	
47	0.0794959	0.920504	0	0.03125	0.015625	0.63742	0.63742	0.63742	0	0.015625	0.0794959	0.0794959	0.0794959	0	0.0506723	0.0506723	0.0506723	0	0.372413	0.124138	0	0.00986843	0	0	0	0.6875	0.015625	0	0.00284091	3.63184e-05	0	
47	0.841008	0.158992	0	0.1875	0.09375	0.684727	0.765037	0.765037	0.00283609	0.09375	0.140168	0.841008	0.841008	0.0982354	0.095324	0.571944	0	0.0454333	0.497968	0	0.165989	0.139598	0	0	1	0.6875	0.09375	0	0.0340909	0.00132361	1	
47	0.671429	0.328571	0	0.15625	0.078125	0.624781	0.64587	0.64587	0.000545258	0.078125	0.134286	0.591933	0.591933	0.0533082	0.0808153	0.352755	0	0.0188829	0.553337	0.184446	0	0.123842	0	0	0	0.6875	0.078125	0	0.0340909	0.000657767	0	
48	0.794592	0.205408	0	0.0625	0.03125	0.620613	0.64001	0.64001	0.000376249	0.03125	0.397296	0.794592	0.794592	0.157844	0.23886	0.477721	0	0.0570543	0.497968	0	0.165989	0.131894	0	0	1	0.5625	0.03125	0	0.015625	0.000217014	0	
48	0.79568	0.20432	0	0.21875	0.109375	0.586265	0.61329	0.61329	0.000358353	0.109375	0.113669	0.79568	0.79568	0.0775233	0.0648425	0.453898	0	0.0252273	0.503926	0.167975	0	0.133655	0	0	1	0.5625	0.109375	0	0.0399306	0.00174214	1	
49	0.794592	0.205408	0	0.0625	0.03125	0.620613	0.64001	0.64001	0.000376249	0.03125	0.397296	0.794592	0.794592	0.157844	0.23886	0.477721	0	0.0570543	0.497968	0	0.165989	0.131894	0	0	1	0.5625	0.03125	0	0.0138889	0.000241127	0	
49	0.815747	0.184253	0	0.1875	0.09375	0.589105	0.64001	0.64001	0.000762691	0.09375	0.135958	0.815747	0.815747	0.0924227	0.0775575	0.465345	0	0.0300758	0.558808	0.186269	0	0.151949	0	0	1	0.5625	0.09375	0	0.0364583	0.00119358	1	
50	0.889746	0.110254	0	0.15625	0.078125	0.624781	0.64587	0.64587	0.000545258	0.078125	0.177949	0.889746	0.889746	0.126664	0.106047	0.530233	0	0.0449836	0.553337	0.184446	0	0.16411	0	0	0	0.625	0.078125	0	0.0296875	0.000803223	1	
51	0.794592	0.205408	0	0.0625	0.03125	0.620613	0.64001	0.64001	0.000376249	0.03125	0.397296	0.794592	0.794592	0.157844	0.23886	0.477721	0	0.0570543	0.497968	0	0.165989	0.131894	0	0	1	0.625	0.03125	0	0.009375	0.00015625	1	
52	0.339948	0.660052	0	0.09375	0.046875	0.686999	0.731403	0.731403	0.00127582	0.046875	0.113316	0.339948	0.339948	0.025681	0.0776954	0.233086	0	0.0120732	0.433822	0	0.144607	0.0491589	0	0	0	0.625	0.046875	0	0.0125	0.000380859	0	
52	0.660052	0.339948	0	0.125	0.0625	0.647352	0.708196	0.708196	0.00204542	0.0625	0.165013	0.660052	0.660052	0.081688	0.116862	0.467446	0	0.0409699	0.421077	0	0.140359	0.0926443	1	0	1	0.625	0.0625	0	0.0140625	0.00060791	1	
52	0.660052	0.339948	0	0.15625	0.078125	0.657833	0.708196	0.708196	0.00207581	0.078125	0.13201	0.660052	0.660052	0.0697071	0.0934893	0.467446	0	0.034961	0.313635	0	0.104545	0.0690053	0	0	1	0.625	0.078125	0	0.01875	0.000966797	0	
52	0.798853	0.201147	0	0.1875	0.09375	0.602724	0.639841	0.639841	0.000532663	0.09375	0.133142	0.798853	0.798853	0.0886341	0.0800471	0.480283	0	0.0320377	0.511873	0.170624	0	0.136304	0	0	1	0.625	0.09375	0	0.04375	0.00169922	0	
53	0.829635	0.170365	0	0.4375	0.21875	0.613163	0.652807	0.652807	0.000519945	0.21875	0.0592596	0.628487	0.628487	0.0275923	0.0355415	0.377856	0	0.0099589	0.600397	0	0.200132	0.166037	0	0	1	0.6875	0.21875	0	0.0838068	0.00724755	0	
53	0.798853	0.201147	0	0.21875	0.109375	0.602409	0.639841	0.639841	0.000457165	0.109375	0.114122	0.628487	0.628487	0.0475506	0.0685948	0.377856	0	0.0171865	0.511873	0.170624	0	0.136304	0	0	1	0.6875	0.109375	0	0.0369318	0.00205401	1	
54	0.878935	0.121065	0	0.15625	0.078125	0.598391	0.618831	0.618831	0.00025351	0.078125	0.175787	0.878935	0.878935	0.123604	0.105394	0.526969	0	0.0444314	0.503926	0.167975	0	0.147639	0	0	1	0.5625	0.078125	0	0.0277778	0.000855999	1	
55	0.785067	0.214933	0	0.1875	0.09375	0.686552	0.765037	0.765037	0.00283574	0.09375	0.130844	0.702215	0.702215	0.0662081	0.0891738	0.481516	0	0.0311685	0.497968	0	0.165989	0.130313	0	0	1	0.4375	0.09375	0	0.0513393	0.00144491	1	
55	0.917148	0.0828518	0	0.09375	0.046875	0.587688	0.596673	0.596673	0.000148618	0.046875	0.305716	0.917148	0.917148	0.186925	0.174396	0.523189	0	0.0608282	0.543501	0.181167	0	0.166157	0	0	1	0.4375	0.046875	0	0.0133929	0.000448422	0	
55	0.917148	0.0828518	0	0.125	0.0625	0.590955	0.599554	0.599554	0.000141311	0.0625	0.229287	0.917148	0.917148	0.157718	0.130797	0.523189	0	0.0513238	0.503926	0.167975	0	0.154058	0	0	1	0.4375	0.0625	0	0.0223214	0.00068758	0	
55	0.917148	0.0828518	0	0.15625	0.078125	0.618965	0.730275	0.730275	0.00321439	0.078125	0.18343	0.917148	0.917148	0.134586	0.104638	0.523189	0	0.0437963	0.558808	0.186269	0	0.170837	0	0	1	0.4375	0.078125	0	0.03125	0.000976562	0	
55	0.297785	0.702215	0	0.21875	0.109375	0.62654	0.691572	0.691572	0.0021152	0.109375	0.0425407	0.214933	0.214933	0.00577039	0.0278812	0.148642	0	0.00268823	0.511873	0.170624	0	0.0508094	0	0	1	0.4375	0.109375	0	0.0647321	0.00233179	0	
56	0.264924	0.735076	0	0.25	0.125	0.763912	0.84566	0.84566	0.00247408	0.125	0.0331155	0.264924	0.264924	0.00767648	0.0268714	0.214971	0	0.00505452	0.372781	0.12426	0	0.0329196	0	0	0	0.875	0.125	0	0.0435268	0.00262202	0	
56	0.264924	0.735076	0	0.1875	0.09375	0.747945	0.84566	0.84566	0.0036337	0.09375	0.0441541	0.264924	0.264924	0.00974791	0.0358286	0.214971	0	0.00641843	0.370198	0.123399	0	0.0326915	0	0	0	0.875	0.09375	0	0.0301339	0.00134153	0	
56	0.0501866	0.949813	0	0.125	0.0625	0.607398	0.639841	0.639841	0.00035103	0.0625	0.0125466	0.0501866	0.0501866	0.000472255	0.00747702	0.0299081	0	0.000167717	0.553337	0.184446	0	0.0092567	0	0	0	0.875	0.0625	0	0.0167411	0.000504474	0	
56	0.949813	0.0501866	0	0.21875	0.109375	0.61458	0.68571	0.68571	0.00129983	0.109375	0.135688	0.949813	0.949813	0.110467	0.0815775	0.571042	0	0.0399293	0.600397	0	0.200132	0.190088	0	0	1	0.875	0.109375	0	0.0279018	0.00168034	1	
57	0.88775	0.11225	0	0.25	0.125	0.61251	0.645584	0.645584	0.000530406	0.125	0.110969	0.88775	0.88775	0.0861985	0.0661305	0.529044	0	0.0306127	0.543501	0.181167	0	0.160831	0	0	1	0.625	0.125	0	0.0515625	0.00200439	1	
58	0.890825	0.109175	0	0.28125	0.140625	0.618581	0.730275	0.730275	0.00191972	0.140625	0.0989806	0.890825	0.890825	0.0783772	0.0589863	0.530876	0	0.027835	0.558808	0.186269	0	0.165933	0	0	1	0.6875	0.140625	0	0.0582386	0.00209033	1	
59	0.880815	0.119185	0	0.21875	0.109375	0.615417	0.691572	0.691572	0.00142318	0.109375	0.125831	0.761629	0.761629	0.0690644	0.0747954	0.456638	0	0.0248339	0.511873	0.170624	0	0.150288	0	0	1	0.75	0.109375	0	0.0351562	0.00187683	1	
60	0.829635	0.170365	0	0.4375	0.21875	0.613163	0.652807	0.652807	0.000519945	0.21875	0.0592596	0.829635	0.829635	0.0456521	0.0356278	0.498789	0	0.0165014	0.600397	0	0.200132	0.166037	0	0	1	0.6875	0.21875	0	0.0738636	0.00586341	1	
