QID	cand_solfracs	cand_slack	dual_coil	coil_cons_degree	coil_obj_count	coil_obj_mean	coil_obj_max	coil_obj_min	coil_obj_variance	coil_y_count	coil_y_mean	coil_y_max	coil_y_min	coil_y_variance	coil_product_mean	coil_product_max	coil_product_min	coil_product_variance	coil_weight	coil_weight_C512	coil_weight_C008	coil_weight_RH	coil_num_SR	coil_constraint_bc	coil_in_up	coil_cons_bind_count	coil_cons_bind_max	coil_cons_bind_min	coil_cons_bind_mean	coil_cons_bind_variance	coil_label	
0	0.884166	0.115834	0	0.09375	0.046875	0.631839	0.692684	0.692684	0.00219312	0.046875	0.294722	0.884166	0.884166	0.173722	0.183927	0.55178	0	0.067658	0.560079	0.186693	0	0.165068	0	0	1	0.4375	0.046875	0	0.0223214	0.000478316	0	
0	0.884166	0.115834	0	0.0625	0.03125	0.658376	0.692684	0.692684	0.00117705	0.03125	0.442083	0.884166	0.884166	0.195437	0.27589	0.55178	0	0.0761153	0.511799	0	0.1706	0.150839	0	0	1	0.4375	0.03125	0	0.015625	0.000209263	1	
0	0.884166	0.115834	0	0.0625	0.03125	0.601417	0.624068	0.624068	0.000513084	0.03125	0.442083	0.884166	0.884166	0.195437	0.27589	0.55178	0	0.0761153	0.602501	0	0.200834	0.17757	0	0	1	0.4375	0.03125	0	0.0133929	0.000239158	0	
0	0.231668	0.768332	0	0.0625	0.03125	0.578466	0.583171	0.583171	2.21422e-05	0.03125	0.115834	0.115834	0.115834	0	0.0670059	0.067551	0.0664608	2.97092e-07	0.695565	0.231855	0	0.0537133	0	0	0	0.4375	0.03125	0	0.0133929	0.000169404	0	
0	0.972413	0.0275869	0	0.125	0.0625	0.621389	0.658787	0.658787	0.000625526	0.0625	0.243103	0.972413	0.972413	0.177298	0.143738	0.574953	0	0.061982	0.455589	0	0.151863	0.147674	0	0	1	0.4375	0.0625	0	0.0267857	0.000747369	0	
0	0.0275869	0.972413	0	0.09375	0.046875	0.627619	0.658787	0.658787	0.000634263	0.046875	0.00919563	0.0275869	0.0275869	0.000169119	0.00549078	0.0164724	0	6.02974e-05	0.57263	0.190877	0	0.00526569	0	0	1	0.4375	0.046875	0	0.0223214	0.000478316	0	
1	0.625553	0.374447	0	0.125	0.0625	0.610752	0.658787	0.658787	0.000849976	0.0625	0.156388	0.625553	0.625553	0.0733719	0.0926087	0.370435	0	0.0257291	0.549463	0	0.183154	0.114573	0	0	0	0.5	0.0625	0	0.0234375	0.000671387	0	
1	0.804305	0.195695	0	0.125	0.0625	0.621389	0.658787	0.658787	0.000625526	0.0625	0.201076	0.804305	0.804305	0.121295	0.118889	0.475556	0	0.0424039	0.455589	0	0.151863	0.122144	0	0	1	0.5	0.0625	0	0.0234375	0.000732422	0	
1	0.195695	0.804305	0	0.09375	0.046875	0.627619	0.658787	0.658787	0.000634263	0.046875	0.0652317	0.195695	0.195695	0.00851036	0.0389504	0.116851	0	0.00303427	0.57263	0.190877	0	0.0373537	0	0	1	0.5	0.046875	0	0.0195312	0.000473022	1	
1	0.374447	0.625553	0	0.09375	0.046875	0.643721	0.680533	0.680533	0.00189106	0.046875	0.124816	0.374447	0.374447	0.0311578	0.0727239	0.218172	0	0.0105775	0.409295	0	0.136432	0.0510864	0	0	0	0.5	0.046875	0	0.0175781	0.000392914	0	
2	0.438456	0.561544	0	0.15625	0.078125	0.606774	0.619861	0.619861	6.30546e-05	0.078125	0.0876913	0.438456	0.438456	0.030759	0.0526749	0.263374	0	0.0110986	0.544419	0	0.181473	0.0795679	0	0	1	0.625	0.078125	0	0.0265625	0.00112549	0	
2	0.561544	0.438456	0	0.03125	0.015625	0.578765	0.578765	0.578765	0	0.015625	0.561544	0.561544	0.561544	0	0.325002	0.325002	0.325002	0	0.560079	0.186693	0	0.104836	0	0	0	0.625	0.015625	0	0.0046875	5.12695e-05	1	
2	0.561544	0.438456	0	0.03125	0.015625	0.578765	0.578765	0.578765	0	0.015625	0.561544	0.561544	0.561544	0	0.325002	0.325002	0.325002	0	0.602501	0	0.200834	0.112777	0	0	0	0.625	0.015625	0	0.0046875	5.12695e-05	1	
2	0.379968	0.620032	0	0.25	0.125	0.617995	0.658787	0.658787	0.000660105	0.125	0.047496	0.379968	0.379968	0.0157911	0.0301552	0.241242	0	0.00636536	0.549463	0	0.183154	0.0695927	0	0	1	0.625	0.125	0	0.0515625	0.00200439	0	
2	0.0584886	0.941511	0	0.09375	0.046875	0.627619	0.658787	0.658787	0.000634263	0.046875	0.0194962	0.0584886	0.0584886	0.000760204	0.0122234	0.0366701	0	0.000298821	0.57263	0.190877	0	0.0111641	0	0	0	0.625	0.046875	0	0.01875	0.000429688	0	
2	0.438456	0.561544	0	0.0625	0.03125	0.630931	0.634901	0.634901	1.57588e-05	0.03125	0.219228	0.379968	0.379968	0.0258372	0.138956	0.241242	0.0366701	0.0104624	0.364926	0.121642	0	0.0533347	0	0	1	0.625	0.03125	0	0.0125	0.000234375	0	
2	0.438456	0.561544	0	0.0625	0.03125	0.630931	0.634901	0.634901	1.57588e-05	0.03125	0.219228	0.379968	0.379968	0.0258372	0.138956	0.241242	0.0366701	0.0104624	0.374347	0.124782	0	0.0547116	0	0	1	0.625	0.03125	0	0.0125	0.000234375	0	
3	0.533452	0.466548	0	0.125	0.0625	0.629897	0.692684	0.692684	0.00165616	0.0625	0.133363	0.533452	0.533452	0.0533572	0.0832277	0.332911	0	0.0207805	0.560079	0.186693	0	0.0995918	0	0	0	0.5625	0.0625	0	0.0329861	0.000729408	1	
3	1	1.11022e-16	0	0.09375	0.046875	0.614989	0.695975	0.695975	0.00332958	0.046875	0.333333	1	1	0.222222	0.188607	0.56582	0	0.071145	0.69497	0.231657	0	0.231657	0	0	1	0.5625	0.046875	0	0.0104167	0.000379774	0	
3	1	1.11022e-16	0	0.0625	0.03125	0.56979	0.57376	0.57376	1.57603e-05	0.03125	0.5	1	1	0.25	0.28291	0.56582	0	0.0800382	0.759621	0.253207	0	0.253207	0	0	1	0.5625	0.03125	0	0.00694444	0.000168789	0	
3	0.57362	0.42638	0	0.125	0.0625	0.605431	0.637423	0.637423	0.000433653	0.0625	0.143405	0.57362	0.57362	0.0616949	0.0849203	0.339681	0	0.0216344	0.467343	0.155781	0	0.089359	0	0	1	0.5625	0.0625	0	0.0295139	0.000783661	0	
3	0.42638	0.57362	0	0.1875	0.09375	0.635754	0.680533	0.680533	0.00109289	0.09375	0.0710634	0.42638	0.42638	0.02525	0.045229	0.271374	0	0.0102283	0.409295	0	0.136432	0.0581718	0	0	1	0.5625	0.09375	0	0.0364583	0.00141059	0	
3	0.42638	0.57362	0	0.15625	0.078125	0.646375	0.680533	0.680533	0.000634679	0.078125	0.085276	0.42638	0.42638	0.029088	0.0542748	0.271374	0	0.011783	0.327014	0	0.109005	0.0464774	0	0	1	0.5625	0.078125	0	0.0295139	0.000946422	0	
4	0.886256	0.113744	0	0.15625	0.078125	0.624216	0.692684	0.692684	0.00140653	0.078125	0.177251	0.886256	0.886256	0.125672	0.104802	0.524011	0	0.0439341	0.570195	0	0.190065	0.168446	0	0	1	0.4375	0.078125	0	0.0357143	0.0011659	0	
4	0.886256	0.113744	0	0.125	0.0625	0.610045	0.636018	0.636018	0.0002799	0.0625	0.221564	0.886256	0.886256	0.147272	0.131003	0.524011	0	0.0514852	0.405926	0.135309	0	0.119918	0	0	1	0.4375	0.0625	0	0.0290179	0.000866948	0	
4	0.227488	0.772512	0	0.0625	0.03125	0.578466	0.583171	0.583171	2.21422e-05	0.03125	0.113744	0.113744	0.113744	0	0.0657969	0.0663322	0.0652617	2.86469e-07	0.695565	0.231855	0	0.0527442	0	0	0	0.4375	0.03125	0	0.0133929	0.000169404	1	
4	0.82189	0.17811	0	0.09375	0.046875	0.59474	0.608546	0.608546	0.000107816	0.046875	0.273963	0.82189	0.82189	0.150112	0.162233	0.4867	0	0.0526392	0.549463	0	0.183154	0.150533	0	0	1	0.4375	0.046875	0	0.0200893	0.000398597	0	
4	0.886256	0.113744	0	0.0625	0.03125	0.599905	0.608546	0.608546	7.46655e-05	0.03125	0.443128	0.886256	0.886256	0.196362	0.262006	0.524011	0	0.068647	0.455589	0	0.151863	0.13459	0	0	1	0.4375	0.03125	0	0.0111607	0.000189334	0	
4	0.17811	0.82189	0	0.09375	0.046875	0.643721	0.680533	0.680533	0.00189106	0.046875	0.0593699	0.17811	0.17811	0.00704958	0.0345919	0.103776	0	0.00239321	0.409295	0	0.136432	0.0242998	0	0	1	0.4375	0.046875	0	0.0200893	0.000398597	0	
5	0.886723	0.113277	0	0.15625	0.078125	0.624216	0.692684	0.692684	0.00140653	0.078125	0.177345	0.886723	0.886723	0.125805	0.104858	0.524288	0	0.0439804	0.570195	0	0.190065	0.168535	0	0	1	0.4375	0.078125	0	0.0357143	0.0011659	0	
5	0.886723	0.113277	0	0.125	0.0625	0.610045	0.636018	0.636018	0.0002799	0.0625	0.221681	0.886723	0.886723	0.147427	0.131072	0.524288	0	0.0515395	0.405926	0.135309	0	0.119981	0	0	1	0.4375	0.0625	0	0.0290179	0.000866948	0	
5	0.226553	0.773447	0	0.09375	0.046875	0.614989	0.695975	0.695975	0.00332958	0.046875	0.0755178	0.113277	0.113277	0.00285147	0.0433846	0.0660597	0	0.000941757	0.69497	0.231657	0	0.0524826	0	0	1	0.4375	0.046875	0	0.0178571	0.000378667	1	
5	0.818471	0.181529	0	0.09375	0.046875	0.59474	0.608546	0.608546	0.000107816	0.046875	0.272824	0.818471	0.818471	0.148865	0.161558	0.484675	0	0.0522021	0.549463	0	0.183154	0.149906	0	0	1	0.4375	0.046875	0	0.0200893	0.000398597	0	
5	0.886723	0.113277	0	0.0625	0.03125	0.599905	0.608546	0.608546	7.46655e-05	0.03125	0.443362	0.886723	0.886723	0.19657	0.262144	0.524288	0	0.0687194	0.455589	0	0.151863	0.134661	0	0	1	0.4375	0.03125	0	0.0111607	0.000189334	0	
5	0.181529	0.818471	0	0.09375	0.046875	0.643721	0.680533	0.680533	0.00189106	0.046875	0.0605098	0.181529	0.181529	0.00732287	0.0352561	0.105768	0	0.00248598	0.409295	0	0.136432	0.0247664	0	0	1	0.4375	0.046875	0	0.0200893	0.000398597	0	
6	0.84779	0.15221	0	0.1875	0.09375	0.636945	0.700592	0.700592	0.00198228	0.09375	0.141298	0.84779	0.84779	0.099826	0.0835446	0.501268	0	0.0348985	0.570195	0	0.190065	0.161135	0	0	1	0.375	0.09375	0	0.0494792	0.00166151	0	
6	0.84779	0.15221	0	0.1875	0.09375	0.635566	0.700592	0.700592	0.00155443	0.09375	0.141298	0.84779	0.84779	0.099826	0.0835446	0.501268	0	0.0348985	0.405926	0.135309	0	0.114713	0	0	1	0.375	0.09375	0	0.0520833	0.00176324	0	
6	0.15221	0.84779	0	0.09375	0.046875	0.586827	0.603479	0.603479	0.00014225	0.046875	0.0507368	0.15221	0.15221	0.00514844	0.0306186	0.0918557	0	0.00187499	0.337202	0	0.112401	0.0171086	0	0	0	0.375	0.046875	0	0.0234375	0.000549316	0	
6	0.737224	0.262776	0	0.15625	0.078125	0.609458	0.670898	0.670898	0.00100939	0.078125	0.147445	0.737224	0.737224	0.0869599	0.0873126	0.436563	0	0.030494	0.549463	0	0.183154	0.135026	0	0	1	0.375	0.078125	0	0.0416667	0.00103082	0	
6	0.84779	0.15221	0	0.09375	0.046875	0.624145	0.672625	0.672625	0.00122494	0.046875	0.282597	0.84779	0.84779	0.159722	0.167089	0.501268	0	0.0558376	0.455589	0	0.151863	0.128748	0	0	1	0.375	0.046875	0	0.0234375	0.000386556	0	
6	0.15221	0.84779	0	0.03125	0.015625	0.603479	0.603479	0.603479	0	0.015625	0.15221	0.15221	0.15221	0	0.0918557	0.0918557	0.0918557	0	0.370952	0.123651	0	0.0188209	0	0	0	0.375	0.015625	0	0.0078125	6.10352e-05	0	
6	0.15221	0.84779	0	0.125	0.0625	0.658617	0.873986	0.873986	0.015568	0.0625	0.0380526	0.15221	0.15221	0.00434399	0.0229639	0.0918557	0	0.00158202	0.408162	0.136054	0	0.0207088	0	0	0	0.375	0.0625	0	0.03125	0.000976562	1	
6	0.15221	0.84779	0	0.125	0.0625	0.658617	0.873986	0.873986	0.015568	0.0625	0.0380526	0.15221	0.15221	0.00434399	0.0229639	0.0918557	0	0.00158202	0.363037	0.121012	0	0.0184193	0	0	0	0.375	0.0625	0	0.03125	0.000976562	0	
6	0.262776	0.737224	0	0.09375	0.046875	0.643721	0.680533	0.680533	0.00189106	0.046875	0.0875919	0.262776	0.262776	0.0153447	0.0510355	0.153107	0	0.00520925	0.409295	0	0.136432	0.0358509	0	0	1	0.375	0.046875	0	0.0208333	0.000379774	0	
7	0.351043	0.648957	0	0.1875	0.09375	0.636945	0.700592	0.700592	0.00198228	0.09375	0.0585071	0.351043	0.351043	0.0171154	0.0345932	0.207559	0	0.00598343	0.570195	0	0.190065	0.066721	0	0	1	0.375	0.09375	0	0.0494792	0.00166151	0	
7	0.351043	0.648957	0	0.1875	0.09375	0.635566	0.700592	0.700592	0.00155443	0.09375	0.0585071	0.351043	0.351043	0.0171154	0.0345932	0.207559	0	0.00598343	0.405926	0.135309	0	0.0474992	0	0	1	0.375	0.09375	0	0.0520833	0.00176324	0	
7	0.648957	0.351043	0	0.0625	0.03125	0.630898	0.695975	0.695975	0.00423509	0.03125	0.324479	0.648957	0.648957	0.105286	0.183597	0.367193	0	0.0337077	0.69497	0.231657	0	0.150335	0	0	1	0.375	0.03125	0	0.0104167	0.000217014	1	
7	0.648957	0.351043	0	0.0625	0.03125	0.634686	0.703552	0.703552	0.00474254	0.03125	0.324479	0.648957	0.648957	0.105286	0.183597	0.367193	0	0.0337077	0.759621	0.253207	0	0.164321	0	0	1	0.375	0.03125	0	0.0104167	0.000217014	0	
7	0.351043	0.648957	0	0.09375	0.046875	0.624145	0.672625	0.672625	0.00122494	0.046875	0.117014	0.351043	0.351043	0.0273847	0.0691863	0.207559	0	0.00957349	0.455589	0	0.151863	0.0533105	0	0	1	0.375	0.046875	0	0.0234375	0.000386556	0	
7	0.309783	0.690217	0	0.03125	0.015625	0.603479	0.603479	0.603479	0	0.015625	0.309783	0.309783	0.309783	0	0.186947	0.186947	0.186947	0	0.370952	0.123651	0	0.0383048	0	0	0	0.375	0.015625	0	0.0104167	5.42535e-05	0	
8	0.66383	0.33617	0	0.1875	0.09375	0.636945	0.700592	0.700592	0.00198228	0.09375	0.110638	0.66383	0.66383	0.0612043	0.0654165	0.392499	0	0.0213966	0.570195	0	0.190065	0.126171	0	0	1	0.5	0.09375	0	0.0390625	0.00158691	0	
8	0.66383	0.33617	0	0.1875	0.09375	0.635566	0.700592	0.700592	0.00155443	0.09375	0.110638	0.66383	0.66383	0.0612043	0.0654165	0.392499	0	0.0213966	0.405926	0.135309	0	0.0898221	0	0	1	0.5	0.09375	0	0.0429688	0.00163269	0	
8	0.375376	0.624624	0	0.15625	0.078125	0.618004	0.670898	0.670898	0.00100606	0.078125	0.0750751	0.33617	0.33617	0.0172732	0.0473302	0.213434	0	0.0069785	0.549463	0	0.183154	0.0687516	0	0	1	0.5	0.078125	0	0.0332031	0.00094223	0	
8	0.960794	0.0392059	0	0.09375	0.046875	0.643721	0.680533	0.680533	0.00189106	0.046875	0.320265	0.960794	0.960794	0.205139	0.186603	0.559808	0	0.069641	0.409295	0	0.136432	0.131083	0	0	1	0.5	0.046875	0	0.0175781	0.000392914	0	
8	0.33617	0.66383	0	0.0625	0.03125	0.652899	0.670898	0.670898	0.000323948	0.03125	0.168085	0.33617	0.33617	0.0282525	0.106717	0.213434	0	0.0113886	0.364926	0.121642	0	0.0408924	0	0	1	0.5	0.03125	0	0.0136719	0.000209808	0	
8	0.33617	0.66383	0	0.0625	0.03125	0.652899	0.670898	0.670898	0.000323948	0.03125	0.168085	0.33617	0.33617	0.0282525	0.106717	0.213434	0	0.0113886	0.374347	0.124782	0	0.041948	0	0	1	0.5	0.03125	0	0.0136719	0.000209808	1	
9	0.309169	0.690831	0	0.0625	0.03125	0.683599	0.695975	0.695975	0.000153184	0.03125	0.154585	0.309169	0.309169	0.0238964	0.103761	0.207521	0	0.0107662	0.579962	0.193321	0	0.0597687	0	0	0	0.5	0.03125	0	0.0117188	0.000167847	1	
9	0.905993	0.0940073	0	0.09375	0.046875	0.614989	0.695975	0.695975	0.00332958	0.046875	0.301998	0.905993	0.905993	0.182405	0.170876	0.512629	0	0.0583975	0.69497	0.231657	0	0.209879	0	0	1	0.5	0.046875	0	0.0117188	0.000411987	0	
9	0.905993	0.0940073	0	0.0625	0.03125	0.56979	0.57376	0.57376	1.57603e-05	0.03125	0.452996	0.905993	0.905993	0.205206	0.256315	0.512629	0	0.0656971	0.759621	0.253207	0	0.229404	0	0	1	0.5	0.03125	0	0.0078125	0.000183105	0	
9	0.0940073	0.905993	0	0.25	0.125	0.623652	0.658787	0.658787	0.000591939	0.125	0.0117509	0.0940073	0.0940073	0.000966589	0.00746067	0.0596853	0	0.000389631	0.549463	0	0.183154	0.0172178	0	0	1	0.5	0.125	0	0.0585938	0.00212097	0	
9	0.0940073	0.905993	0	0.15625	0.078125	0.624092	0.658787	0.658787	0.000529629	0.078125	0.0188015	0.0940073	0.0940073	0.00141398	0.0119371	0.0596853	0	0.000569974	0.455589	0	0.151863	0.0142763	0	0	1	0.5	0.078125	0	0.0292969	0.00118637	0	
9	0.0940073	0.905993	0	0.0625	0.03125	0.630931	0.634901	0.634901	1.57588e-05	0.03125	0.0470037	0.0940073	0.0940073	0.00220935	0.0298427	0.0596853	0	0.000890585	0.364926	0.121642	0	0.0114352	0	0	1	0.5	0.03125	0	0.0117188	0.000228882	0	
9	0.0940073	0.905993	0	0.0625	0.03125	0.630931	0.634901	0.634901	1.57588e-05	0.03125	0.0470037	0.0940073	0.0940073	0.00220935	0.0298427	0.0596853	0	0.000890585	0.374347	0.124782	0	0.0117304	0	0	1	0.5	0.03125	0	0.0117188	0.000228882	0	
10	0.592867	0.407133	0	0.125	0.0625	0.608297	0.619861	0.619861	6.72327e-05	0.0625	0.148217	0.592867	0.592867	0.0659047	0.0890317	0.356127	0	0.0237799	0.544419	0	0.181473	0.107589	0	0	1	0.625	0.0625	0	0.0203125	0.000686035	0	
10	0.407133	0.592867	0	0.0625	0.03125	0.578501	0.580829	0.580829	5.41675e-06	0.03125	0.203566	0.407133	0.407133	0.0414392	0.11729	0.234579	0	0.0137569	0.337202	0	0.112401	0.045762	0	0	0	0.625	0.03125	0	0.009375	0.000205078	1	
10	0.592867	0.407133	0	0.25	0.125	0.620081	0.658787	0.658787	0.000582824	0.125	0.0741084	0.373286	0.373286	0.0179527	0.0463367	0.236999	0	0.00710827	0.549463	0	0.183154	0.108586	0	0	1	0.625	0.125	0	0.05	0.00204102	0	
10	0.407133	0.592867	0	0.0625	0.03125	0.578501	0.580829	0.580829	5.41675e-06	0.03125	0.203566	0.407133	0.407133	0.0414392	0.11729	0.234579	0	0.0137569	0.408162	0.136054	0	0.055392	0	0	0	0.625	0.03125	0	0.009375	0.000205078	1	
10	0.407133	0.592867	0	0.0625	0.03125	0.578501	0.580829	0.580829	5.41675e-06	0.03125	0.203566	0.407133	0.407133	0.0414392	0.11729	0.234579	0	0.0137569	0.363037	0.121012	0	0.0492681	0	0	0	0.625	0.03125	0	0.009375	0.000205078	1	
10	0.373286	0.626714	0	0.0625	0.03125	0.630931	0.634901	0.634901	1.57588e-05	0.03125	0.186643	0.373286	0.373286	0.0348356	0.1185	0.236999	0	0.0140422	0.364926	0.121642	0	0.0454072	0	0	1	0.625	0.03125	0	0.0125	0.000234375	0	
10	0.592867	0.407133	0	0.09375	0.046875	0.623574	0.634901	0.634901	0.000118756	0.046875	0.197622	0.373286	0.373286	0.0234648	0.123565	0.236999	0	0.00941276	0.374347	0.124782	0	0.0739793	0	0	1	0.625	0.046875	0	0.01875	0.000527344	0	
11	0.654787	0.345213	0	0.25	0.125	0.620081	0.658787	0.658787	0.000582824	0.125	0.0818484	0.654787	0.654787	0.0468941	0.0520933	0.416746	0	0.018996	0.549463	0	0.183154	0.119927	0	0	1	0.4375	0.125	0	0.0580357	0.00242148	0	
11	0.557891	0.442109	0	0.03125	0.015625	0.603479	0.603479	0.603479	0	0.015625	0.557891	0.557891	0.557891	0	0.336676	0.336676	0.336676	0	0.370952	0.123651	0	0.0689836	0	0	1	0.4375	0.015625	0	0.00892857	5.97895e-05	1	
11	0.345213	0.654787	0	0.09375	0.046875	0.613024	0.637423	0.637423	0.000347573	0.046875	0.115071	0.345213	0.345213	0.0264826	0.0701332	0.2104	0	0.00983733	0.467343	0.155781	0	0.0537775	0	0	0	0.4375	0.046875	0	0.0290179	0.000378667	0	
12	0.866463	0.133537	0	0.125	0.0625	0.608297	0.619861	0.619861	6.72327e-05	0.0625	0.216616	0.866463	0.866463	0.140767	0.130118	0.520472	0	0.050792	0.544419	0	0.181473	0.157239	0	0	0	0.6875	0.0625	0	0.0184659	0.000657767	0	
12	0.133537	0.866463	0	0.03125	0.015625	0.587202	0.587202	0.587202	0	0.015625	0.133537	0.133537	0.133537	0	0.0784133	0.0784133	0.0784133	0	0.308345	0.102782	0	0.0137252	0	0	0	0.6875	0.015625	0	0.00426136	4.84246e-05	0	
12	0.133537	0.866463	0	0.0625	0.03125	0.592169	0.597137	0.597137	2.46775e-05	0.03125	0.0667686	0.133537	0.133537	0.00445805	0.0392067	0.0784133	0	0.00153716	0.34188	0	0.11396	0.0152179	0	0	0	0.6875	0.03125	0	0.00710227	0.000149309	1	
12	0.133537	0.866463	0	0.0625	0.03125	0.592169	0.597137	0.597137	2.46775e-05	0.03125	0.0667686	0.133537	0.133537	0.00445805	0.0392067	0.0784133	0	0.00153716	0.435054	0	0.145018	0.0193653	0	0	0	0.6875	0.03125	0	0.00710227	0.000149309	1	
12	0.327028	0.672972	0	0.09375	0.046875	0.627619	0.658787	0.658787	0.000634263	0.046875	0.109009	0.327028	0.327028	0.023766	0.0683446	0.205034	0	0.00934196	0.57263	0.190877	0	0.062422	0	0	0	0.6875	0.046875	0	0.0184659	0.000391432	1	
12	0.539435	0.460565	0	0.15625	0.078125	0.646375	0.680533	0.680533	0.000634679	0.078125	0.107887	0.539435	0.539435	0.0465584	0.0657547	0.328774	0	0.0172947	0.409295	0	0.136432	0.073596	0	0	1	0.6875	0.078125	0	0.0269886	0.00084743	0	
12	0.539435	0.460565	0	0.15625	0.078125	0.646375	0.680533	0.680533	0.000634679	0.078125	0.107887	0.539435	0.539435	0.0465584	0.0657547	0.328774	0	0.0172947	0.327014	0	0.109005	0.0588009	0	0	1	0.6875	0.078125	0	0.0269886	0.00084743	0	
12	0.327028	0.672972	0	0.0625	0.03125	0.630931	0.634901	0.634901	1.57588e-05	0.03125	0.163514	0.327028	0.327028	0.0267368	0.102517	0.205034	0	0.0105097	0.364926	0.121642	0	0.0397803	0	0	0	0.6875	0.03125	0	0.0127841	0.000213875	0	
12	0.866463	0.133537	0	0.09375	0.046875	0.623574	0.634901	0.634901	0.000118756	0.046875	0.288821	0.539435	0.539435	0.0492282	0.177825	0.32844	0	0.018349	0.374347	0.124782	0	0.108119	0	0	0	0.6875	0.046875	0	0.0198864	0.000492317	0	
13	0.841809	0.158191	0	0.15625	0.078125	0.624216	0.692684	0.692684	0.00140653	0.078125	0.168362	0.841809	0.841809	0.113383	0.0995462	0.497731	0	0.0396378	0.570195	0	0.190065	0.159998	0	0	1	0.4375	0.078125	0	0.0357143	0.0011659	0	
13	0.841809	0.158191	0	0.125	0.0625	0.610045	0.636018	0.636018	0.0002799	0.0625	0.210452	0.841809	0.841809	0.13287	0.124433	0.497731	0	0.0464506	0.405926	0.135309	0	0.113904	0	0	1	0.4375	0.0625	0	0.0290179	0.000866948	0	
13	0.316382	0.683618	0	0.0625	0.03125	0.56979	0.57376	0.57376	1.57603e-05	0.03125	0.158191	0.158191	0.158191	0	0.0901358	0.0907638	0.0895078	3.94393e-07	0.759621	0.253207	0	0.0801103	0	0	1	0.4375	0.03125	0	0.0133929	0.000169404	1	
13	0.889598	0.110402	0	0.15625	0.078125	0.602571	0.636461	0.636461	0.000352812	0.078125	0.17792	0.889598	0.889598	0.126622	0.105359	0.526794	0	0.044402	0.549463	0	0.183154	0.162934	0	0	1	0.4375	0.078125	0	0.03125	0.00104632	0	
13	0.841809	0.158191	0	0.0625	0.03125	0.599905	0.608546	0.608546	7.46655e-05	0.03125	0.420904	0.841809	0.841809	0.17716	0.248866	0.497731	0	0.0619341	0.455589	0	0.151863	0.12784	0	0	1	0.4375	0.03125	0	0.0111607	0.000189334	0	
13	0.110402	0.889598	0	0.15625	0.078125	0.635421	0.680533	0.680533	0.0013108	0.078125	0.0220804	0.110402	0.110402	0.00195017	0.0134575	0.0672875	0	0.000724417	0.409295	0	0.136432	0.0150623	0	0	1	0.4375	0.078125	0	0.03125	0.00104632	0	
13	0.110402	0.889598	0	0.125	0.0625	0.648613	0.680533	0.680533	0.000768305	0.0625	0.0276005	0.110402	0.110402	0.00228536	0.0168219	0.0672875	0	0.000848927	0.327014	0	0.109005	0.0120343	0	0	1	0.4375	0.0625	0	0.0223214	0.00068758	0	
14	0.848598	0.151402	0	0.15625	0.078125	0.624216	0.692684	0.692684	0.00140653	0.078125	0.16972	0.848598	0.848598	0.115219	0.100349	0.501746	0	0.0402798	0.570195	0	0.190065	0.161289	0	0	1	0.4375	0.078125	0	0.0357143	0.0011659	0	
14	0.848598	0.151402	0	0.15625	0.078125	0.622561	0.672625	0.672625	0.000850522	0.078125	0.16972	0.848598	0.848598	0.115219	0.100349	0.501746	0	0.0402798	0.405926	0.135309	0	0.114823	0	0	1	0.4375	0.078125	0	0.0379464	0.00124562	0	
14	0.151402	0.848598	0	0.09375	0.046875	0.586827	0.603479	0.603479	0.00014225	0.046875	0.0504673	0.151402	0.151402	0.00509389	0.0304559	0.0913678	0	0.00185513	0.337202	0	0.112401	0.0170177	0	0	1	0.4375	0.046875	0	0.0200893	0.000538106	0	
14	0.733253	0.266747	0	0.15625	0.078125	0.609458	0.670898	0.670898	0.00100939	0.078125	0.146651	0.733253	0.733253	0.0860255	0.0868422	0.434211	0	0.0301663	0.549463	0	0.183154	0.134298	0	0	1	0.4375	0.078125	0	0.0357143	0.00109614	0	
14	0.848598	0.151402	0	0.09375	0.046875	0.624145	0.672625	0.672625	0.00122494	0.046875	0.282866	0.848598	0.848598	0.160026	0.167249	0.501746	0	0.0559441	0.455589	0	0.151863	0.128871	0	0	1	0.4375	0.046875	0	0.0200893	0.000398597	0	
14	0.151402	0.848598	0	0.03125	0.015625	0.603479	0.603479	0.603479	0	0.015625	0.151402	0.151402	0.151402	0	0.0913678	0.0913678	0.0913678	0	0.370952	0.123651	0	0.0187209	0	0	1	0.4375	0.015625	0	0.00669643	5.97895e-05	0	
14	0.151402	0.848598	0	0.125	0.0625	0.658617	0.873986	0.873986	0.015568	0.0625	0.0378505	0.151402	0.151402	0.00429797	0.0228419	0.0913678	0	0.00156526	0.408162	0.136054	0	0.0205988	0	0	1	0.4375	0.0625	0	0.0267857	0.000956633	1	
14	0.151402	0.848598	0	0.125	0.0625	0.658617	0.873986	0.873986	0.015568	0.0625	0.0378505	0.151402	0.151402	0.00429797	0.0228419	0.0913678	0	0.00156526	0.363037	0.121012	0	0.0183215	0	0	1	0.4375	0.0625	0	0.0267857	0.000956633	0	
14	0.266747	0.733253	0	0.09375	0.046875	0.643721	0.680533	0.680533	0.00189106	0.046875	0.0889158	0.266747	0.266747	0.015812	0.0518069	0.155421	0	0.0053679	0.409295	0	0.136432	0.0363928	0	0	1	0.4375	0.046875	0	0.0200893	0.000398597	0	
15	0.833917	0.166083	0	0.0625	0.03125	0.608751	0.620365	0.620365	0.000134891	0.03125	0.416959	0.833917	0.833917	0.173855	0.258667	0.517334	0	0.0669085	0.35773	0	0.119243	0.0994391	0	0	0	0.5	0.03125	0	0.0136719	0.000209808	0	
15	0.364694	0.635306	0	0.1875	0.09375	0.621553	0.658787	0.658787	0.000473581	0.09375	0.0607824	0.364694	0.364694	0.0184725	0.0359385	0.215631	0	0.00645786	0.455589	0	0.151863	0.0553837	0	0	1	0.5	0.09375	0	0.0332031	0.00185776	0	
15	0.635306	0.364694	0	0.09375	0.046875	0.627619	0.658787	0.658787	0.000634263	0.046875	0.211769	0.635306	0.635306	0.0896918	0.126449	0.379346	0	0.0319785	0.57263	0.190877	0	0.121265	0	0	0	0.5	0.046875	0	0.0175781	0.000514984	1	
16	0.803298	0.196702	0	0.125	0.0625	0.608297	0.619861	0.619861	6.72327e-05	0.0625	0.200824	0.803298	0.803298	0.120991	0.120632	0.48253	0	0.0436565	0.544419	0	0.181473	0.145777	0	0	0	0.6875	0.0625	0	0.0213068	0.000633555	0	
16	0.196702	0.803298	0	0.09375	0.046875	0.654805	0.680533	0.680533	0.000782996	0.046875	0.0655673	0.196702	0.196702	0.00859815	0.040383	0.121149	0	0.00326158	0.465206	0	0.155069	0.0305023	0	0	0	0.6875	0.046875	0	0.00994318	0.000322831	0	
16	0.396166	0.603834	0	0.09375	0.046875	0.627619	0.658787	0.658787	0.000634263	0.046875	0.132055	0.396166	0.396166	0.0348772	0.0827936	0.248381	0	0.0137096	0.57263	0.190877	0	0.0756189	0	0	0	0.6875	0.046875	0	0.0198864	0.000359149	0	
16	0.196702	0.803298	0	0.03125	0.015625	0.615902	0.615902	0.615902	0	0.015625	0.196702	0.196702	0.196702	0	0.121149	0.121149	0.121149	0	0.317	0	0.105667	0.0207849	0	0	0	0.6875	0.015625	0	0.00284091	3.63184e-05	0	
16	0.407132	0.592868	0	0.15625	0.078125	0.646375	0.680533	0.680533	0.000634679	0.078125	0.0814264	0.407132	0.407132	0.026521	0.0496276	0.248138	0	0.00985158	0.409295	0	0.136432	0.0555457	0	0	1	0.6875	0.078125	0	0.0241477	0.000903926	0	
16	0.407132	0.592868	0	0.15625	0.078125	0.646375	0.680533	0.680533	0.000634679	0.078125	0.0814264	0.407132	0.407132	0.026521	0.0496276	0.248138	0	0.00985158	0.327014	0	0.109005	0.0443792	0	0	1	0.6875	0.078125	0	0.0241477	0.000903926	0	
16	0.396166	0.603834	0	0.0625	0.03125	0.630931	0.634901	0.634901	1.57588e-05	0.03125	0.198083	0.396166	0.396166	0.0392369	0.12419	0.248381	0	0.0154233	0.364926	0.121642	0	0.0481904	0	0	0	0.6875	0.03125	0	0.0127841	0.000213875	0	
16	0.196702	0.803298	0	0.0625	0.03125	0.641941	0.66798	0.66798	0.000678036	0.03125	0.098351	0.196702	0.196702	0.00967292	0.0605746	0.121149	0	0.00366928	0.415308	0	0.138436	0.0272307	0	0	0	0.6875	0.03125	0	0.00568182	0.000145274	0	
16	0.803298	0.196702	0	0.09375	0.046875	0.623574	0.634901	0.634901	0.000118756	0.046875	0.267766	0.407132	0.407132	0.0358694	0.165422	0.248381	0	0.0136823	0.374347	0.124782	0	0.100237	0	0	0	0.6875	0.046875	0	0.0198864	0.000492317	1	
17	0.811124	0.188876	0	0.1875	0.09375	0.636945	0.700592	0.700592	0.00198228	0.09375	0.135187	0.811124	0.811124	0.0913781	0.0799314	0.479589	0	0.0319452	0.570195	0	0.190065	0.154166	0	0	1	0.5	0.09375	0	0.0410156	0.00152206	0	
17	0.93454	0.0654597	0	0.1875	0.09375	0.635566	0.700592	0.700592	0.00155443	0.09375	0.155757	0.811124	0.811124	0.0879322	0.0937669	0.479589	0	0.0306905	0.405926	0.135309	0	0.126452	0	0	1	0.5	0.09375	0	0.0410156	0.00170517	0	
17	0.188876	0.811124	0	0.03125	0.015625	0.602877	0.602877	0.602877	0	0.015625	0.188876	0.188876	0.188876	0	0.113869	0.113869	0.113869	0	0.337202	0	0.112401	0.0212298	0	0	1	0.5	0.015625	0	0.00585938	5.72205e-05	1	
17	0.876584	0.123416	0	0.125	0.0625	0.594097	0.608546	0.608546	8.21027e-05	0.0625	0.219146	0.876584	0.876584	0.144075	0.129772	0.519088	0	0.0505223	0.549463	0	0.183154	0.16055	0	0	1	0.5	0.0625	0	0.0234375	0.000671387	0	
17	0.93454	0.0654597	0	0.09375	0.046875	0.624145	0.672625	0.672625	0.00122494	0.046875	0.311513	0.811124	0.811124	0.127344	0.187534	0.479589	0	0.0437965	0.455589	0	0.151863	0.141922	0	0	1	0.5	0.046875	0	0.0175781	0.000392914	0	
17	0.188876	0.811124	0	0.03125	0.015625	0.602877	0.602877	0.602877	0	0.015625	0.188876	0.188876	0.188876	0	0.113869	0.113869	0.113869	0	0.370952	0.123651	0	0.0233546	0	0	1	0.5	0.015625	0	0.00585938	5.72205e-05	1	
17	0.188876	0.811124	0	0.03125	0.015625	0.602877	0.602877	0.602877	0	0.015625	0.188876	0.188876	0.188876	0	0.113869	0.113869	0.113869	0	0.363037	0.121012	0	0.0228563	0	0	1	0.5	0.015625	0	0.00585938	5.72205e-05	1	
18	0.0337751	0.966225	0	0.1875	0.09375	0.636945	0.700592	0.700592	0.00198228	0.09375	0.00562918	0.0337751	0.0337751	0.000158438	0.00332833	0.01997	0	5.5389e-05	0.570195	0	0.190065	0.00641947	0	0	1	0.5625	0.09375	0	0.0347222	0.00156129	0	
18	0.0337751	0.966225	0	0.1875	0.09375	0.635566	0.700592	0.700592	0.00155443	0.09375	0.00562918	0.0337751	0.0337751	0.000158438	0.00332833	0.01997	0	5.5389e-05	0.405926	0.135309	0	0.00457007	0	0	1	0.5625	0.09375	0	0.0381944	0.00163363	0	
18	1	1.11022e-16	-0.00193738	0.21875	0.109375	0.620193	0.670898	0.670898	0.000811299	0.109375	0.142857	0.566925	0.566925	0.0484469	0.0886276	0.345178	0	0.018415	0.549463	0	0.183154	0.183154	0	0	1	0.5625	0.109375	0	0.0625	0.00168186	0	
18	0.966225	0.0337751	0	0.125	0.0625	0.629586	0.672625	0.672625	0.00179045	0.0625	0.241556	0.966225	0.966225	0.175048	0.140743	0.562972	0	0.0594257	0.467343	0.155781	0	0.150519	0	0	0	0.5625	0.0625	0	0.0329861	0.000620901	0	
18	0.3993	0.6007	0	0.0625	0.03125	0.652899	0.670898	0.670898	0.000323948	0.03125	0.19965	0.3993	0.3993	0.0398601	0.126758	0.253516	0	0.0160676	0.364926	0.121642	0	0.0485716	0	0	0	0.5625	0.03125	0	0.0190972	0.000204958	1	
18	1	1.11022e-16	0.0234815	0.125	0.0625	0.639283	0.670898	0.670898	0.000488609	0.0625	0.25	0.566925	0.566925	0.0579963	0.155098	0.345178	0	0.0219167	0.374347	0.124782	0	0.124782	0	0	0	0.5625	0.0625	0	0.0399306	0.000711323	0	
19	0.665616	0.334384	0	0.15625	0.078125	0.624216	0.692684	0.692684	0.00140653	0.078125	0.133123	0.665616	0.665616	0.0708871	0.0787109	0.393555	0	0.0247816	0.570195	0	0.190065	0.12651	0	0	1	0.5	0.078125	0	0.0332031	0.0010643	0	
19	0.665616	0.334384	0	0.15625	0.078125	0.622561	0.672625	0.672625	0.000850522	0.078125	0.133123	0.665616	0.665616	0.0708871	0.0787109	0.393555	0	0.0247816	0.405926	0.135309	0	0.0900637	0	0	1	0.5	0.078125	0	0.0371094	0.00109482	0	
19	0.373326	0.626674	0	0.15625	0.078125	0.618004	0.670898	0.670898	0.00100606	0.078125	0.0746652	0.334384	0.334384	0.017091	0.0470722	0.212301	0	0.00690488	0.549463	0	0.183154	0.0683762	0	0	1	0.5	0.078125	0	0.0332031	0.00094223	0	
19	0.961058	0.0389418	0	0.09375	0.046875	0.643721	0.680533	0.680533	0.00189106	0.046875	0.320353	0.961058	0.961058	0.205252	0.186654	0.559961	0	0.0696793	0.409295	0	0.136432	0.131119	0	0	1	0.5	0.046875	0	0.015625	0.000366211	0	
19	0.334384	0.665616	0	0.0625	0.03125	0.652899	0.670898	0.670898	0.000323948	0.03125	0.167192	0.334384	0.334384	0.0279532	0.10615	0.212301	0	0.0112679	0.364926	0.121642	0	0.0406752	0	0	0	0.5	0.03125	0	0.015625	0.000183105	1	
19	0.334384	0.665616	0	0.0625	0.03125	0.652899	0.670898	0.670898	0.000323948	0.03125	0.167192	0.334384	0.334384	0.0279532	0.10615	0.212301	0	0.0112679	0.374347	0.124782	0	0.0417252	0	0	0	0.5	0.03125	0	0.015625	0.000183105	0	
20	0.231801	0.768199	0	0.0625	0.03125	0.616037	0.619861	0.619861	1.46249e-05	0.03125	0.1159	0.231801	0.231801	0.0134329	0.0718421	0.143684	0	0.00516129	0.424068	0	0.141356	0.0327664	0	0	0	0.6875	0.03125	0	0.0142045	0.000197734	0	
20	0.80713	0.19287	0	0.15625	0.078125	0.614552	0.658787	0.658787	0.000529477	0.078125	0.161426	0.57533	0.57533	0.0508888	0.0979587	0.348936	0	0.0187235	0.455589	0	0.151863	0.122573	0	0	1	0.6875	0.078125	0	0.0241477	0.000992704	0	
20	0.19287	0.80713	0	0.09375	0.046875	0.654805	0.680533	0.680533	0.000782996	0.046875	0.0642898	0.19287	0.19287	0.00826637	0.0395962	0.118789	0	0.00313572	0.465206	0	0.155069	0.029908	0	0	0	0.6875	0.046875	0	0.0127841	0.000347043	0	
20	0.80713	0.19287	0	0.125	0.0625	0.617515	0.658787	0.658787	0.000584539	0.0625	0.201783	0.57533	0.57533	0.0554678	0.122448	0.348936	0	0.0204056	0.57263	0.190877	0	0.154062	0	0	0	0.6875	0.0625	0	0.0213068	0.000722333	1	
20	0.19287	0.80713	0	0.03125	0.015625	0.615902	0.615902	0.615902	0	0.015625	0.19287	0.19287	0.19287	0	0.118789	0.118789	0.118789	0	0.317	0	0.105667	0.0203799	0	0	0	0.6875	0.015625	0	0.00284091	3.63184e-05	0	
20	0.57533	0.42467	0	0.03125	0.015625	0.606497	0.606497	0.606497	0	0.015625	0.57533	0.57533	0.57533	0	0.348936	0.348936	0.348936	0	0.364926	0.121642	0	0.0699843	0	0	0	0.6875	0.015625	0	0.00426136	4.84246e-05	0	
20	0.19287	0.80713	0	0.0625	0.03125	0.641941	0.66798	0.66798	0.000678036	0.03125	0.0964348	0.19287	0.19287	0.00929967	0.0593943	0.118789	0	0.00352769	0.415308	0	0.138436	0.0267001	0	0	0	0.6875	0.03125	0	0.00710227	0.000149309	0	
21	0.550773	0.449227	0	0.125	0.0625	0.608297	0.619861	0.619861	6.72327e-05	0.0625	0.137693	0.550773	0.550773	0.0568784	0.0827104	0.330842	0	0.020523	0.544419	0	0.181473	0.0999504	0	0	0	0.6875	0.0625	0	0.0184659	0.000657767	1	
21	0.913757	0.0862429	0	0.125	0.0625	0.615936	0.637423	0.637423	0.000286124	0.0625	0.228439	0.913757	0.913757	0.156554	0.139229	0.556915	0	0.0581539	0.467343	0.155781	0	0.142346	0	0	0	0.6875	0.0625	0	0.0255682	0.000722333	0	
21	0.535469	0.464531	0	0.09375	0.046875	0.627619	0.658787	0.658787	0.000634263	0.046875	0.17849	0.449227	0.449227	0.0378888	0.107436	0.268237	0	0.0134157	0.57263	0.190877	0	0.102209	0	0	0	0.6875	0.046875	0	0.0198864	0.000359149	0	
21	0.913757	0.0862429	0	0.15625	0.078125	0.646375	0.680533	0.680533	0.000634679	0.078125	0.182751	0.913757	0.913757	0.133592	0.111383	0.556915	0	0.0496247	0.409295	0	0.136432	0.124665	0	0	1	0.6875	0.078125	0	0.0241477	0.000903926	0	
21	0.913757	0.0862429	0	0.15625	0.078125	0.646375	0.680533	0.680533	0.000634679	0.078125	0.182751	0.913757	0.913757	0.133592	0.111383	0.556915	0	0.0496247	0.327014	0	0.109005	0.0996037	0	0	1	0.6875	0.078125	0	0.0241477	0.000903926	0	
21	0.0862429	0.913757	0	0.0625	0.03125	0.630931	0.634901	0.634901	1.57588e-05	0.03125	0.0431214	0.0862429	0.0862429	0.00185946	0.0270355	0.0540709	0	0.000730917	0.364926	0.121642	0	0.0104908	0	0	0	0.6875	0.03125	0	0.015625	0.000221946	0	
22	0.797843	0.202157	0	0.125	0.0625	0.615936	0.637423	0.637423	0.000286124	0.0625	0.199461	0.581604	0.581604	0.056471	0.120631	0.354475	0	0.0209604	0.467343	0.155781	0	0.124289	0	0	0	0.6875	0.0625	0	0.0213068	0.000722333	0	
22	0.418396	0.581604	0	0.09375	0.046875	0.627619	0.658787	0.658787	0.000634263	0.046875	0.139465	0.418396	0.418396	0.0389012	0.0874394	0.262318	0	0.0152913	0.57263	0.190877	0	0.079862	0	0	0	0.6875	0.046875	0	0.0198864	0.000359149	0	
22	0.581604	0.418396	0	0.15625	0.078125	0.646375	0.680533	0.680533	0.000634679	0.078125	0.116321	0.581604	0.581604	0.0541221	0.070895	0.354475	0	0.0201044	0.409295	0	0.136432	0.0793492	0	0	1	0.6875	0.078125	0	0.0198864	0.000891819	1	
22	0.581604	0.418396	0	0.15625	0.078125	0.646375	0.680533	0.680533	0.000634679	0.078125	0.116321	0.581604	0.581604	0.0541221	0.070895	0.354475	0	0.0201044	0.327014	0	0.109005	0.0633975	0	0	1	0.6875	0.078125	0	0.0198864	0.000891819	0	
22	0.418396	0.581604	0	0.0625	0.03125	0.630931	0.634901	0.634901	1.57588e-05	0.03125	0.209198	0.418396	0.418396	0.0437638	0.131159	0.262318	0	0.0172027	0.364926	0.121642	0	0.0508945	0	0	0	0.6875	0.03125	0	0.015625	0.000221946	0	
23	0.72849	0.27151	0	0.125	0.0625	0.615936	0.637423	0.637423	0.000286124	0.0625	0.182122	0.72849	0.72849	0.0995058	0.111	0.443998	0	0.0369627	0.467343	0.155781	0	0.113485	0	0	0	0.625	0.0625	0	0.03125	0.000634766	0	
23	0.27151	0.72849	0	0.09375	0.046875	0.654805	0.680533	0.680533	0.000782996	0.046875	0.0905034	0.27151	0.27151	0.0163817	0.0557412	0.167224	0	0.00621416	0.465206	0	0.155069	0.0421028	0	0	0	0.625	0.046875	0	0.0140625	0.00036377	1	
23	0.72849	0.27151	0	0.09375	0.046875	0.627619	0.658787	0.658787	0.000634263	0.046875	0.24283	0.72849	0.72849	0.117933	0.144996	0.434987	0	0.0420475	0.57263	0.190877	0	0.139052	0	0	0	0.625	0.046875	0	0.021875	0.000351563	0	
23	0.27151	0.72849	0	0.03125	0.015625	0.615902	0.615902	0.615902	0	0.015625	0.27151	0.27151	0.27151	0	0.167224	0.167224	0.167224	0	0.317	0	0.105667	0.0286896	0	0	0	0.625	0.015625	0	0.003125	3.90625e-05	0	
23	0.72849	0.27151	0	0.15625	0.078125	0.646375	0.680533	0.680533	0.000634679	0.078125	0.145698	0.72849	0.72849	0.0849116	0.0887997	0.443998	0	0.0315415	0.327014	0	0.109005	0.0794087	0	0	1	0.625	0.078125	0	0.034375	0.00106445	0	
23	0.0206241	0.979376	0	0.0625	0.03125	0.630931	0.634901	0.634901	1.57588e-05	0.03125	0.010312	0.0206241	0.0206241	0.000106338	0.00654713	0.0130943	0	4.28649e-05	0.364926	0.121642	0	0.00250876	0	0	0	0.625	0.03125	0	0.0171875	0.000217285	0	
23	0.27151	0.72849	0	0.0625	0.03125	0.641941	0.66798	0.66798	0.000678036	0.03125	0.135755	0.27151	0.27151	0.0184294	0.0836118	0.167224	0	0.00699093	0.415308	0	0.138436	0.0375868	0	0	0	0.625	0.03125	0	0.0078125	0.000158691	0	
24	0.682373	0.317627	0	0.25	0.125	0.620081	0.658787	0.658787	0.000582824	0.125	0.0852966	0.682373	0.682373	0.0509286	0.0519337	0.41547	0	0.0188798	0.549463	0	0.183154	0.124979	0	0	1	0.5	0.125	0	0.0332031	0.00185776	1	
24	0.317627	0.682373	0	0.09375	0.046875	0.627619	0.658787	0.658787	0.000634263	0.046875	0.105876	0.317627	0.317627	0.0224193	0.0663799	0.19914	0	0.00881259	0.57263	0.190877	0	0.0606276	0	0	0	0.5	0.046875	0	0.0136719	0.000392914	0	
24	0.317627	0.682373	0	0.0625	0.03125	0.630931	0.634901	0.634901	1.57588e-05	0.03125	0.158814	0.317627	0.317627	0.0252217	0.0995699	0.19914	0	0.00991417	0.364926	0.121642	0	0.0386368	0	0	0	0.5	0.03125	0	0.0117188	0.000228882	0	
25	0.119301	0.880699	0	0.0625	0.03125	0.616037	0.619861	0.619861	1.46249e-05	0.03125	0.0596506	0.119301	0.119301	0.00355819	0.0369751	0.0739502	0	0.00136716	0.424068	0	0.141356	0.0168639	0	0	0	0.6875	0.03125	0	0.0113636	0.000181592	0	
25	0.880699	0.119301	0	0.125	0.0625	0.600318	0.612213	0.612213	5.84747e-05	0.0625	0.220175	0.880699	0.880699	0.145431	0.132256	0.529023	0	0.0524748	0.405926	0.135309	0	0.119166	0	0	1	0.6875	0.0625	0	0.0255682	0.000722333	0	
25	0.31536	0.68464	0	0.03125	0.015625	0.615902	0.615902	0.615902	0	0.015625	0.31536	0.31536	0.31536	0	0.194231	0.194231	0.194231	0	0.465206	0	0.155069	0.0489025	0	0	0	0.6875	0.015625	0	0.00284091	3.63184e-05	1	
25	0.36928	0.63072	0	0.09375	0.046875	0.627619	0.658787	0.658787	0.000634263	0.046875	0.123093	0.36928	0.36928	0.0303039	0.0771747	0.231524	0	0.0119119	0.57263	0.190877	0	0.0704869	0	0	0	0.6875	0.046875	0	0.0198864	0.000359149	0	
25	0.31536	0.68464	0	0.03125	0.015625	0.615902	0.615902	0.615902	0	0.015625	0.31536	0.31536	0.31536	0	0.194231	0.194231	0.194231	0	0.317	0	0.105667	0.0333231	0	0	0	0.6875	0.015625	0	0.00284091	3.63184e-05	1	
25	0.36928	0.63072	0	0.0625	0.03125	0.630931	0.634901	0.634901	1.57588e-05	0.03125	0.18464	0.36928	0.36928	0.0340919	0.115762	0.231524	0	0.0134009	0.364926	0.121642	0	0.04492	0	0	0	0.6875	0.03125	0	0.015625	0.000221946	0	
25	0.31536	0.68464	0	0.03125	0.015625	0.615902	0.615902	0.615902	0	0.015625	0.31536	0.31536	0.31536	0	0.194231	0.194231	0.194231	0	0.415308	0	0.138436	0.0436572	0	0	0	0.6875	0.015625	0	0.00284091	3.63184e-05	1	
26	0.0907949	0.909205	0	0.03125	0.015625	0.597137	0.597137	0.597137	0	0.015625	0.0907949	0.0907949	0.0907949	0	0.054217	0.054217	0.054217	0	0.35773	0	0.119243	0.0108267	0	0	0	0.375	0.015625	0	0.00520833	5.42535e-05	1	
26	0.0907949	0.909205	0	0.03125	0.015625	0.597137	0.597137	0.597137	0	0.015625	0.0907949	0.0907949	0.0907949	0	0.054217	0.054217	0.054217	0	0.34188	0	0.11396	0.010347	0	0	0	0.375	0.015625	0	0.00520833	5.42535e-05	1	
26	0.909205	0.0907949	0	0.09375	0.046875	0.614989	0.695975	0.695975	0.00332958	0.046875	0.303068	0.909205	0.909205	0.183701	0.171482	0.514447	0	0.0588123	0.69497	0.231657	0	0.210623	0	0	1	0.375	0.046875	0	0.015625	0.000488281	0	
26	0.909205	0.0907949	0	0.0625	0.03125	0.56979	0.57376	0.57376	1.57603e-05	0.03125	0.454603	0.909205	0.909205	0.206663	0.257223	0.514447	0	0.0661639	0.759621	0.253207	0	0.230217	0	0	1	0.375	0.03125	0	0.0104167	0.000217014	1	
26	0.0907949	0.909205	0	0.03125	0.015625	0.597137	0.597137	0.597137	0	0.015625	0.0907949	0.0907949	0.0907949	0	0.054217	0.054217	0.054217	0	0.435054	0	0.145018	0.0131669	0	0	0	0.375	0.015625	0	0.00520833	5.42535e-05	1	
26	0.276887	0.723113	0	0.09375	0.046875	0.613024	0.637423	0.637423	0.000347573	0.046875	0.0922956	0.276887	0.276887	0.017037	0.0546548	0.163964	0	0.00597429	0.467343	0.155781	0	0.0431337	0	0	0	0.375	0.046875	0	0.0286458	0.000440809	1	
26	0.723113	0.276887	0	0.15625	0.078125	0.646375	0.680533	0.680533	0.000634679	0.078125	0.144623	0.723113	0.723113	0.0836628	0.0920466	0.460233	0	0.0338903	0.409295	0	0.136432	0.0986555	0	0	1	0.375	0.078125	0	0.0390625	0.0010376	0	
26	0.723113	0.276887	0	0.15625	0.078125	0.646375	0.680533	0.680533	0.000634679	0.078125	0.144623	0.723113	0.723113	0.0836628	0.0920466	0.460233	0	0.0338903	0.327014	0	0.109005	0.0788227	0	0	1	0.375	0.078125	0	0.0390625	0.0010376	0	
27	0.617152	0.382848	0	0.0625	0.03125	0.603784	0.620365	0.620365	0.000274959	0.03125	0.308576	0.617152	0.617152	0.095219	0.19143	0.382859	0	0.0366453	0.308345	0.102782	0	0.0634318	0	0	0	0.5	0.03125	0	0.015625	0.000244141	1	
27	0.194259	0.805741	0	0.28125	0.140625	0.622569	0.658787	0.658787	0.000567587	0.140625	0.0215844	0.194259	0.194259	0.00372708	0.0137376	0.123638	0	0.00150977	0.549463	0	0.183154	0.0355794	0	0	1	0.5	0.140625	0	0.0625	0.00292969	0	
27	0.805741	0.194259	0	0.09375	0.046875	0.613024	0.637423	0.637423	0.000347573	0.046875	0.26858	0.805741	0.805741	0.144271	0.163694	0.491081	0	0.0535913	0.467343	0.155781	0	0.125519	0	0	0	0.5	0.046875	0	0.0253906	0.000423431	0	
28	0.193221	0.806779	0	0.125	0.0625	0.695834	0.712586	0.712586	0.000236493	0.0625	0.0483053	0.193221	0.193221	0.00700022	0.0324236	0.129694	0	0.00315387	0.579962	0.193321	0	0.0373537	0	0	0	0.5625	0.0625	0	0.0277778	0.000421971	1	
28	0.617513	0.382487	0	0.125	0.0625	0.594097	0.608546	0.608546	8.21027e-05	0.0625	0.154378	0.617513	0.617513	0.0714978	0.0914183	0.365673	0	0.0250719	0.549463	0	0.183154	0.1131	0	0	1	0.5625	0.0625	0	0.0208333	0.000651042	0	
28	0.806779	0.193221	0	0.09375	0.046875	0.624145	0.672625	0.672625	0.00122494	0.046875	0.268926	0.806779	0.806779	0.144643	0.159006	0.477019	0	0.0505661	0.455589	0	0.151863	0.12252	0	0	1	0.5625	0.046875	0	0.015625	0.000379774	0	
28	0.382487	0.617513	0	0.09375	0.046875	0.643721	0.680533	0.680533	0.00189106	0.046875	0.127496	0.382487	0.382487	0.0325104	0.0742856	0.222857	0	0.0110367	0.409295	0	0.136432	0.0521834	0	0	1	0.5625	0.046875	0	0.015625	0.000379774	0	
29	0.760784	0.239216	0	0.15625	0.078125	0.624216	0.692684	0.692684	0.00140653	0.078125	0.152157	0.760784	0.760784	0.0926067	0.0899648	0.449824	0	0.0323747	0.570195	0	0.190065	0.144598	0	0	1	0.4375	0.078125	0	0.0379464	0.00103635	0	
29	0.760784	0.239216	0	0.125	0.0625	0.610045	0.636018	0.636018	0.0002799	0.0625	0.190196	0.760784	0.760784	0.108524	0.112456	0.449824	0	0.0379391	0.405926	0.135309	0	0.102941	0	0	1	0.4375	0.0625	0	0.0290179	0.000866948	0	
29	0.239216	0.760784	0	0.09375	0.046875	0.586827	0.603479	0.603479	0.00014225	0.046875	0.0797387	0.239216	0.239216	0.0127165	0.0481206	0.144362	0	0.00463119	0.337202	0	0.112401	0.0268881	0	0	1	0.4375	0.046875	0	0.0200893	0.000538106	1	
29	0.876487	0.123513	0	0.125	0.0625	0.60517	0.636461	0.636461	0.00040722	0.0625	0.219122	0.876487	0.876487	0.144043	0.129758	0.51903	0	0.050511	0.549463	0	0.183154	0.160532	0	0	1	0.4375	0.0625	0	0.0267857	0.000747369	0	
29	0.760784	0.239216	0	0.0625	0.03125	0.599905	0.608546	0.608546	7.46655e-05	0.03125	0.380392	0.760784	0.760784	0.144698	0.224912	0.449824	0	0.0505854	0.455589	0	0.151863	0.115535	0	0	1	0.4375	0.03125	0	0.0111607	0.000189334	0	
29	0.239216	0.760784	0	0.03125	0.015625	0.603479	0.603479	0.603479	0	0.015625	0.239216	0.239216	0.239216	0	0.144362	0.144362	0.144362	0	0.370952	0.123651	0	0.0295792	0	0	1	0.4375	0.015625	0	0.00669643	5.97895e-05	0	
29	0.239216	0.760784	0	0.09375	0.046875	0.586827	0.603479	0.603479	0.00014225	0.046875	0.0797387	0.239216	0.239216	0.0127165	0.0481206	0.144362	0	0.00463119	0.408162	0.136054	0	0.0325463	0	0	1	0.4375	0.046875	0	0.0200893	0.000538106	1	
29	0.239216	0.760784	0	0.09375	0.046875	0.586827	0.603479	0.603479	0.00014225	0.046875	0.0797387	0.239216	0.239216	0.0127165	0.0481206	0.144362	0	0.00463119	0.363037	0.121012	0	0.0289481	0	0	1	0.4375	0.046875	0	0.0200893	0.000538106	1	
29	0.123513	0.876487	0	0.15625	0.078125	0.635421	0.680533	0.680533	0.0013108	0.078125	0.0247027	0.123513	0.123513	0.00244089	0.0150558	0.0752788	0	0.000906703	0.409295	0	0.136432	0.0168511	0	0	1	0.4375	0.078125	0	0.0357143	0.0011659	0	
29	0.123513	0.876487	0	0.125	0.0625	0.648613	0.680533	0.680533	0.000768305	0.0625	0.0308784	0.123513	0.123513	0.00286042	0.0188197	0.0752788	0	0.00106254	0.327014	0	0.109005	0.0134635	0	0	1	0.4375	0.0625	0	0.0267857	0.000747369	0	
30	0.400086	0.599914	0	0.03125	0.015625	0.587202	0.587202	0.587202	0	0.015625	0.400086	0.400086	0.400086	0	0.234931	0.234931	0.234931	0	0.308345	0.102782	0	0.0411215	0	0	0	0.75	0.015625	0	0.00390625	4.57764e-05	1	
30	0.400086	0.599914	0	0.03125	0.015625	0.587202	0.587202	0.587202	0	0.015625	0.400086	0.400086	0.400086	0	0.234931	0.234931	0.234931	0	0.34188	0	0.11396	0.0455938	0	0	0	0.75	0.015625	0	0.00390625	4.57764e-05	1	
30	0.599914	0.400086	0	0.09375	0.046875	0.614989	0.695975	0.695975	0.00332958	0.046875	0.199971	0.599914	0.599914	0.0799771	0.113148	0.339444	0	0.0256049	0.69497	0.231657	0	0.138974	0	0	1	0.75	0.046875	0	0.0078125	0.000305176	0	
30	0.599914	0.400086	0	0.0625	0.03125	0.56979	0.57376	0.57376	1.57603e-05	0.03125	0.299957	0.599914	0.599914	0.0899742	0.169722	0.339444	0	0.0288055	0.759621	0.253207	0	0.151902	0	0	1	0.75	0.03125	0	0.00520833	0.000135634	1	
30	0.400086	0.599914	0	0.03125	0.015625	0.587202	0.587202	0.587202	0	0.015625	0.400086	0.400086	0.400086	0	0.234931	0.234931	0.234931	0	0.435054	0	0.145018	0.0580196	0	0	0	0.75	0.015625	0	0.00390625	4.57764e-05	1	
30	0.99578	0.00422003	0	0.125	0.0625	0.605431	0.637423	0.637423	0.000433653	0.0625	0.248945	0.99578	0.99578	0.185921	0.147418	0.589672	0	0.0651963	0.467343	0.155781	0	0.155123	0	0	0	0.75	0.0625	0	0.0221354	0.000751072	0	
30	0.00422003	0.99578	0	0.1875	0.09375	0.635754	0.680533	0.680533	0.00109289	0.09375	0.000703339	0.00422003	0.00422003	2.47343e-06	0.000447647	0.00268588	0	1.00194e-06	0.409295	0	0.136432	0.000575746	0	0	1	0.75	0.09375	0	0.0273438	0.00130717	0	
30	0.00422003	0.99578	0	0.15625	0.078125	0.646375	0.680533	0.680533	0.000634679	0.078125	0.000844007	0.00422003	0.00422003	2.84939e-06	0.000537177	0.00268588	0	1.15424e-06	0.327014	0	0.109005	0.000460003	0	0	1	0.75	0.078125	0	0.0221354	0.000873142	0	
31	0.13697	0.86303	0	0.09375	0.046875	0.613024	0.637423	0.637423	0.000347573	0.046875	0.0456568	0.13697	0.13697	0.00416908	0.0270366	0.0811099	0	0.00146196	0.467343	0.155781	0	0.0213374	0	0	0	0.375	0.046875	0	0.0286458	0.000440809	0	
31	0.816326	0.183674	0	0.09375	0.046875	0.586827	0.603479	0.603479	0.00014225	0.046875	0.272109	0.816326	0.816326	0.148086	0.164212	0.492635	0	0.053931	0.363037	0.121012	0	0.0987855	0	0	1	0.375	0.046875	0	0.0260417	0.000461155	1	
31	0.86303	0.13697	0	0.15625	0.078125	0.646375	0.680533	0.680533	0.000634679	0.078125	0.172606	0.86303	0.86303	0.119171	0.109857	0.549284	0	0.0482741	0.409295	0	0.136432	0.117745	0	0	1	0.375	0.078125	0	0.0390625	0.0010376	0	
31	0.86303	0.13697	0	0.15625	0.078125	0.646375	0.680533	0.680533	0.000634679	0.078125	0.172606	0.86303	0.86303	0.119171	0.109857	0.549284	0	0.0482741	0.327014	0	0.109005	0.0940742	0	0	1	0.375	0.078125	0	0.0390625	0.0010376	0	
32	0.102096	0.897904	0	0.03125	0.015625	0.587202	0.587202	0.587202	0	0.015625	0.102096	0.102096	0.102096	0	0.0599507	0.0599507	0.0599507	0	0.308345	0.102782	0	0.0104936	0	0	0	0.5	0.015625	0	0.00585938	5.72205e-05	1	
32	0.102096	0.897904	0	0.03125	0.015625	0.587202	0.587202	0.587202	0	0.015625	0.102096	0.102096	0.102096	0	0.0599507	0.0599507	0.0599507	0	0.34188	0	0.11396	0.0116348	0	0	0	0.5	0.015625	0	0.00585938	5.72205e-05	1	
32	0.897904	0.102096	0	0.09375	0.046875	0.614989	0.695975	0.695975	0.00332958	0.046875	0.299301	0.897904	0.897904	0.179163	0.169351	0.508053	0	0.0573594	0.69497	0.231657	0	0.208006	0	0	1	0.5	0.046875	0	0.0117188	0.000411987	0	
32	0.897904	0.102096	0	0.0625	0.03125	0.56979	0.57376	0.57376	1.57603e-05	0.03125	0.448952	0.897904	0.897904	0.201558	0.254026	0.508053	0	0.0645293	0.759621	0.253207	0	0.227356	0	0	1	0.5	0.03125	0	0.0078125	0.000183105	0	
32	0.102096	0.897904	0	0.03125	0.015625	0.587202	0.587202	0.587202	0	0.015625	0.102096	0.102096	0.102096	0	0.0599507	0.0599507	0.0599507	0	0.435054	0	0.145018	0.0148057	0	0	0	0.5	0.015625	0	0.00585938	5.72205e-05	1	
32	0.244699	0.755301	0	0.09375	0.046875	0.613024	0.637423	0.637423	0.000347573	0.046875	0.0815663	0.244699	0.244699	0.0133061	0.0483012	0.144904	0	0.00466602	0.467343	0.155781	0	0.0381194	0	0	0	0.5	0.046875	0	0.0214844	0.000484467	0	
32	0.755301	0.244699	0	0.15625	0.078125	0.646375	0.680533	0.680533	0.000634679	0.078125	0.15106	0.755301	0.755301	0.0912767	0.0961439	0.480719	0	0.0369746	0.409295	0	0.136432	0.103047	0	0	1	0.5	0.078125	0	0.0292969	0.0010643	0	
32	0.755301	0.244699	0	0.15625	0.078125	0.646375	0.680533	0.680533	0.000634679	0.078125	0.15106	0.755301	0.755301	0.0912767	0.0961439	0.480719	0	0.0369746	0.327014	0	0.109005	0.0823313	0	0	1	0.5	0.078125	0	0.0292969	0.0010643	0	
33	0.985506	0.0144936	0	0.21875	0.109375	0.618075	0.658787	0.658787	0.000628291	0.109375	0.140787	0.772008	0.772008	0.0718331	0.0850313	0.470642	0	0.0266302	0.549463	0	0.183154	0.1805	0	0	1	0.5625	0.109375	0	0.03125	0.00195312	0	
33	0.0144936	0.985506	0	0.125	0.0625	0.605431	0.637423	0.637423	0.000433653	0.0625	0.00362339	0.0144936	0.0144936	3.93869e-05	0.00211117	0.00844469	0	1.33711e-05	0.467343	0.155781	0	0.00225782	0	0	0	0.5625	0.0625	0	0.0208333	0.000868056	0	
33	0.786502	0.213498	0	0.21875	0.109375	0.632023	0.680533	0.680533	0.00102031	0.109375	0.112357	0.772008	0.772008	0.0725482	0.068441	0.470642	0	0.0269694	0.409295	0	0.136432	0.107304	0	0	1	0.5625	0.109375	0	0.0295139	0.00203149	1	
34	0.00261917	0.997381	0	0.125	0.0625	0.608297	0.619861	0.619861	6.72327e-05	0.0625	0.000654791	0.00261917	0.00261917	1.28626e-06	0.00040588	0.00162352	0	4.94215e-07	0.544419	0	0.181473	0.000475307	0	0	0	0.625	0.0625	0	0.0203125	0.000686035	0	
34	0.00261917	0.997381	0	0.0625	0.03125	0.616037	0.619861	0.619861	1.46249e-05	0.03125	0.00130958	0.00261917	0.00261917	1.71501e-06	0.00081176	0.00162352	0	6.58954e-07	0.424068	0	0.141356	0.000370235	0	0	0	0.625	0.03125	0	0.009375	0.00015625	0	
34	0.997381	0.00261917	0	0.125	0.0625	0.600318	0.612213	0.612213	5.84747e-05	0.0625	0.249345	0.997381	0.997381	0.186519	0.147429	0.589715	0	0.0652058	0.405926	0.135309	0	0.134954	0	0	1	0.625	0.0625	0	0.025	0.000791016	0	
34	0.997381	0.00261917	0	0.09375	0.046875	0.614989	0.695975	0.695975	0.00332958	0.046875	0.33246	0.997381	0.997381	0.22106	0.188113	0.564338	0	0.0707728	0.69497	0.231657	0	0.23105	0	0	1	0.625	0.046875	0	0.009375	0.000351562	0	
34	0.997381	0.00261917	0	0.0625	0.03125	0.56979	0.57376	0.57376	1.57603e-05	0.03125	0.49869	0.997381	0.997381	0.248692	0.282169	0.564338	0	0.0796194	0.759621	0.253207	0	0.252544	0	0	1	0.625	0.03125	0	0.00625	0.00015625	0	
34	0.00261917	0.997381	0	0.125	0.0625	0.605431	0.637423	0.637423	0.000433653	0.0625	0.000654791	0.00261917	0.00261917	1.28626e-06	0.000381515	0.00152606	0	4.36661e-07	0.467343	0.155781	0	0.000408016	0	0	0	0.625	0.0625	0	0.03125	0.000732422	0	
34	0.683839	0.316161	0	0.15625	0.078125	0.646375	0.680533	0.680533	0.000634679	0.078125	0.136768	0.683839	0.683839	0.0748217	0.0870473	0.435236	0	0.0303089	0.327014	0	0.109005	0.0745416	0	0	1	0.625	0.078125	0	0.034375	0.00106445	1	
34	0.00261917	0.997381	0	0.09375	0.046875	0.623574	0.634901	0.634901	0.000118756	0.046875	0.000873055	0.00261917	0.00261917	1.52445e-06	0.000531568	0.00159471	0	5.6513e-07	0.374347	0.124782	0	0.000326825	0	0	0	0.625	0.046875	0	0.021875	0.000498047	0	
35	0.797161	0.202839	0	0.09375	0.046875	0.614989	0.695975	0.695975	0.00332958	0.046875	0.26572	0.797161	0.797161	0.141215	0.15035	0.45105	0	0.0452103	0.69497	0.231657	0	0.184668	0	0	1	0.625	0.046875	0	0.009375	0.000351562	0	
35	0.797161	0.202839	0	0.0625	0.03125	0.56979	0.57376	0.57376	1.57603e-05	0.03125	0.398581	0.797161	0.797161	0.158867	0.225525	0.45105	0	0.0508615	0.759621	0.253207	0	0.201847	0	0	1	0.625	0.03125	0	0.00625	0.00015625	1	
35	0.37438	0.62562	0	0.28125	0.140625	0.618921	0.658787	0.658787	0.000528847	0.140625	0.0415978	0.37438	0.37438	0.013843	0.0264754	0.238278	0	0.00560756	0.549463	0	0.183154	0.0685693	0	0	1	0.625	0.140625	0	0.0515625	0.00278564	0	
35	0.62562	0.37438	0	0.125	0.0625	0.605431	0.637423	0.637423	0.000433653	0.0625	0.156405	0.62562	0.62562	0.0733875	0.0953254	0.381302	0	0.0272608	0.467343	0.155781	0	0.0974596	0	0	0	0.625	0.0625	0	0.0265625	0.000783691	0	
35	0.202839	0.797161	0	0.09375	0.046875	0.654805	0.680533	0.680533	0.000782996	0.046875	0.0676129	0.202839	0.202839	0.009143	0.0416429	0.124929	0	0.00346826	0.465206	0	0.155069	0.0314539	0	0	0	0.625	0.046875	0	0.0140625	0.00036377	0	
35	0.202839	0.797161	0	0.03125	0.015625	0.615902	0.615902	0.615902	0	0.015625	0.202839	0.202839	0.202839	0	0.124929	0.124929	0.124929	0	0.317	0	0.105667	0.0214333	0	0	0	0.625	0.015625	0	0.003125	3.90625e-05	0	
35	0.202839	0.797161	0	0.0625	0.03125	0.641941	0.66798	0.66798	0.000678036	0.03125	0.101419	0.202839	0.202839	0.0102859	0.0624643	0.124929	0	0.00390179	0.415308	0	0.138436	0.0280802	0	0	0	0.625	0.03125	0	0.0078125	0.000158691	0	
36	0.930151	0.0698486	0	0.09375	0.046875	0.614989	0.695975	0.695975	0.00332958	0.046875	0.31005	0.930151	0.930151	0.192263	0.175433	0.526299	0	0.0615534	0.69497	0.231657	0	0.215476	0	0	1	0.5625	0.046875	0	0.0104167	0.000379774	0	
36	0.930151	0.0698486	0	0.0625	0.03125	0.56979	0.57376	0.57376	1.57603e-05	0.03125	0.465076	0.930151	0.930151	0.216295	0.263149	0.526299	0	0.0692475	0.759621	0.253207	0	0.235521	0	0	1	0.5625	0.03125	0	0.00694444	0.000168789	0	
36	0.0698486	0.930151	0	0.1875	0.09375	0.621553	0.658787	0.658787	0.000473581	0.09375	0.0116414	0.0698486	0.0698486	0.000677614	0.00739115	0.0443469	0	0.000273145	0.455589	0	0.151863	0.0106074	0	0	1	0.5625	0.09375	0	0.0381944	0.00163363	0	
36	0.848157	0.151843	0	0.0625	0.03125	0.587411	0.592171	0.592171	2.26588e-05	0.03125	0.424079	0.778309	0.778309	0.125479	0.250795	0.460892	0.0406973	0.0441409	0.467343	0.155781	0	0.132127	0	0	0	0.5625	0.03125	0	0.015625	0.000217014	0	
36	0.221691	0.778309	0	0.09375	0.046875	0.611586	0.642473	0.642473	0.00059836	0.046875	0.0738971	0.151843	0.151843	0.00385089	0.0460841	0.0975549	0	0.00160067	0.409295	0	0.136432	0.0302457	0	0	1	0.5625	0.046875	0	0.0225694	0.000440056	0	
36	0.0698486	0.930151	0	0.0625	0.03125	0.630931	0.634901	0.634901	1.57588e-05	0.03125	0.0349243	0.0698486	0.0698486	0.00121971	0.0221734	0.0443469	0	0.000491662	0.364926	0.121642	0	0.00849652	0	0	0	0.5625	0.03125	0	0.0121528	0.000204958	0	
36	0.221691	0.778309	0	0.125	0.0625	0.628299	0.642473	0.642473	0.00015604	0.0625	0.0554228	0.151843	0.151843	0.00391207	0.0354754	0.0975549	0	0.00161239	0.374347	0.124782	0	0.0276631	0	0	0	0.5625	0.0625	0	0.0277778	0.000801746	1	
37	0.727315	0.272685	0	0.0625	0.03125	0.616037	0.619861	0.619861	1.46249e-05	0.03125	0.363657	0.727315	0.727315	0.132247	0.225417	0.450834	0	0.0508129	0.424068	0	0.141356	0.10281	0	0	0	0.75	0.03125	0	0.00911458	0.00014072	0	
37	0.358781	0.641219	0	0.1875	0.09375	0.619482	0.658787	0.658787	0.000719151	0.09375	0.0597969	0.358781	0.358781	0.0178783	0.03541	0.21246	0	0.00626933	0.549463	0	0.183154	0.0657123	0	0	1	0.75	0.09375	0	0.0351562	0.00110372	0	
37	0.641219	0.358781	0	0.15625	0.078125	0.646375	0.680533	0.680533	0.000634679	0.078125	0.128244	0.641219	0.641219	0.0657859	0.0781618	0.390809	0	0.024437	0.409295	0	0.136432	0.0874825	0	0	1	0.75	0.078125	0	0.0260417	0.000868056	0	
37	0.641219	0.358781	0	0.15625	0.078125	0.646375	0.680533	0.680533	0.000634679	0.078125	0.128244	0.641219	0.641219	0.0657859	0.0781618	0.390809	0	0.024437	0.327014	0	0.109005	0.0698958	0	0	1	0.75	0.078125	0	0.0260417	0.000868056	1	
37	0.272685	0.727315	0	0.03125	0.015625	0.606497	0.606497	0.606497	0	0.015625	0.272685	0.272685	0.272685	0	0.165383	0.165383	0.165383	0	0.364926	0.121642	0	0.03317	0	0	0	0.75	0.015625	0	0.00651042	5.93397e-05	0	
38	0.106737	0.893263	0	0.125	0.0625	0.608297	0.619861	0.619861	6.72327e-05	0.0625	0.0266843	0.106737	0.106737	0.00213616	0.0160289	0.0641156	0	0.000770777	0.544419	0	0.181473	0.0193699	0	0	0	0.5625	0.0625	0	0.0225694	0.000711323	0	
38	0.893263	0.106737	0	0.09375	0.046875	0.614989	0.695975	0.695975	0.00332958	0.046875	0.297754	0.893263	0.893263	0.177315	0.168475	0.505426	0	0.0567679	0.69497	0.231657	0	0.20693	1	0	1	0.5625	0.046875	0	0.0104167	0.000379774	0	
38	0.893263	0.106737	0	0.0625	0.03125	0.56979	0.57376	0.57376	1.57603e-05	0.03125	0.446631	0.893263	0.893263	0.19948	0.252713	0.505426	0	0.0638639	0.759621	0.253207	0	0.22618	1	0	1	0.5625	0.03125	0	0.00694444	0.000168789	0	
38	0.385157	0.614843	0	0.03125	0.015625	0.650029	0.650029	0.650029	0	0.015625	0.385157	0.385157	0.385157	0	0.250363	0.250363	0.250363	0	0.456596	0.152199	0	0.0586204	0	0	0	0.5625	0.015625	0	0.00694444	6.02816e-05	1	
38	0.106737	0.893263	0	0.1875	0.09375	0.621553	0.658787	0.658787	0.000473581	0.09375	0.0177896	0.106737	0.106737	0.00158234	0.0111534	0.0669202	0	0.000621988	0.455589	0	0.151863	0.0162095	0	0	1	0.5625	0.09375	0	0.0347222	0.00156129	0	
38	0.106737	0.893263	0	0.0625	0.03125	0.630931	0.634901	0.634901	1.57588e-05	0.03125	0.0533687	0.106737	0.106737	0.00284822	0.0334601	0.0669202	0	0.00111958	0.364926	0.121642	0	0.0129837	0	0	0	0.5625	0.03125	0	0.0121528	0.000204958	0	
38	0.106737	0.893263	0	0.125	0.0625	0.628299	0.642473	0.642473	0.00015604	0.0625	0.0266843	0.106737	0.106737	0.00213616	0.01673	0.0669202	0	0.000839683	0.374347	0.124782	0	0.0133189	0	0	0	0.5625	0.0625	0	0.0260417	0.000705295	0	
39	0.612018	0.387982	0	0.0625	0.03125	0.608751	0.620365	0.620365	0.000134891	0.03125	0.306009	0.612018	0.612018	0.0936416	0.189838	0.379675	0	0.0360383	0.35773	0	0.119243	0.0729791	0	0	0	0.5	0.03125	0	0.0117188	0.000167847	1	
39	0.446856	0.553144	0	0.28125	0.140625	0.622569	0.658787	0.658787	0.000567587	0.140625	0.0496507	0.446856	0.446856	0.0197215	0.0316007	0.284406	0	0.00798884	0.549463	0	0.183154	0.0818436	0	0	1	0.5	0.140625	0	0.0625	0.00292969	0	
39	0.553144	0.446856	0	0.09375	0.046875	0.613024	0.637423	0.637423	0.000347573	0.046875	0.184381	0.553144	0.553144	0.0679929	0.112376	0.337129	0	0.0252569	0.467343	0.155781	0	0.0861692	0	0	0	0.5	0.046875	0	0.0253906	0.000423431	0	
40	0.297854	0.702146	0	0.125	0.0625	0.608297	0.619861	0.619861	6.72327e-05	0.0625	0.0744635	0.297854	0.297854	0.0166345	0.0447292	0.178917	0	0.0060021	0.544419	0	0.181473	0.0540524	0	0	0	0.4375	0.0625	0	0.0223214	0.000757334	0	
40	0.297854	0.702146	0	0.15625	0.078125	0.601869	0.619861	0.619861	9.24665e-05	0.078125	0.0595708	0.297854	0.297854	0.0141947	0.0357833	0.178917	0	0.00512179	0.570195	0	0.190065	0.0566117	0	0	1	0.4375	0.078125	0	0.0290179	0.00121572	0	
40	0.297854	0.702146	0	0.125	0.0625	0.600318	0.612213	0.612213	5.84747e-05	0.0625	0.0744635	0.297854	0.297854	0.0166345	0.0447292	0.178917	0	0.0060021	0.405926	0.135309	0	0.0403023	0	0	1	0.4375	0.0625	0	0.0267857	0.000956633	0	
40	0.829451	0.170549	0	0.0625	0.03125	0.574496	0.583171	0.583171	7.52639e-05	0.03125	0.414726	0.829451	0.829451	0.171997	0.23466	0.46932	0	0.0550654	0.69497	0.231657	0	0.192148	0	0	1	0.4375	0.03125	0	0.00892857	0.000199298	0	
40	0.829451	0.170549	0	0.0625	0.03125	0.56979	0.57376	0.57376	1.57603e-05	0.03125	0.414726	0.829451	0.829451	0.171997	0.23466	0.46932	0	0.0550654	0.759621	0.253207	0	0.210023	0	0	1	0.4375	0.03125	0	0.00892857	0.000199298	0	
40	0.872695	0.127305	0	0.25	0.125	0.623652	0.658787	0.658787	0.000591939	0.125	0.109087	0.872695	0.872695	0.0832996	0.0692593	0.554075	0	0.033578	0.549463	0	0.183154	0.159838	0	0	1	0.4375	0.125	0	0.0669643	0.00186344	0	
40	0.872695	0.127305	0	0.15625	0.078125	0.624092	0.658787	0.658787	0.000529629	0.078125	0.174539	0.872695	0.872695	0.121855	0.110815	0.554075	0	0.0491198	0.455589	0	0.151863	0.13253	0	0	1	0.4375	0.078125	0	0.03125	0.00132533	0	
40	0.872695	0.127305	0	0.0625	0.03125	0.630931	0.634901	0.634901	1.57588e-05	0.03125	0.436347	0.872695	0.872695	0.190399	0.277037	0.554075	0	0.0767496	0.364926	0.121642	0	0.106156	0	0	0	0.4375	0.03125	0	0.0133929	0.000239158	1	
40	0.872695	0.127305	0	0.0625	0.03125	0.630931	0.634901	0.634901	1.57588e-05	0.03125	0.436347	0.872695	0.872695	0.190399	0.277037	0.554075	0	0.0767496	0.374347	0.124782	0	0.108897	0	0	0	0.4375	0.03125	0	0.0133929	0.000239158	1	
41	0.816453	0.183547	0	0.28125	0.140625	0.618921	0.658787	0.658787	0.000528847	0.140625	0.0907169	0.816453	0.816453	0.0658365	0.0577378	0.51964	0	0.0266692	0.549463	0	0.183154	0.149537	0	0	1	0.5	0.140625	0	0.0566406	0.00310898	0	
41	0.183547	0.816453	0	0.125	0.0625	0.605431	0.637423	0.637423	0.000433653	0.0625	0.0458869	0.183547	0.183547	0.00631681	0.027967	0.111868	0	0.00234646	0.467343	0.155781	0	0.0285932	0	0	0	0.5	0.0625	0	0.0332031	0.000759125	1	
41	0.783302	0.216698	0	0.125	0.0625	0.586466	0.603479	0.603479	0.000107078	0.0625	0.195825	0.783302	0.783302	0.115043	0.118176	0.472706	0	0.041897	0.408162	0.136054	0	0.106571	0	0	1	0.5	0.0625	0	0.0332031	0.000759125	1	
42	0.211016	0.788984	0	0.125	0.0625	0.608297	0.619861	0.619861	6.72327e-05	0.0625	0.0527541	0.211016	0.211016	0.00834898	0.0316886	0.126755	0	0.00301251	0.544419	0	0.181473	0.0382937	0	0	0	0.5	0.0625	0	0.0195312	0.000717163	0	
42	0.211016	0.788984	0	0.15625	0.078125	0.601869	0.619861	0.619861	9.24665e-05	0.078125	0.0422033	0.211016	0.211016	0.00712446	0.0253509	0.126755	0	0.00257067	0.570195	0	0.190065	0.0401068	0	0	1	0.5	0.078125	0	0.0273438	0.00108337	0	
42	0.211016	0.788984	0	0.125	0.0625	0.600318	0.612213	0.612213	5.84747e-05	0.0625	0.0527541	0.211016	0.211016	0.00834898	0.0316886	0.126755	0	0.00301251	0.405926	0.135309	0	0.0285524	0	0	1	0.5	0.0625	0	0.0253906	0.000850677	0	
42	0.788984	0.211016	0	0.0625	0.03125	0.574496	0.583171	0.583171	7.52639e-05	0.03125	0.394492	0.788984	0.788984	0.155624	0.223211	0.446423	0	0.0498234	0.69497	0.231657	0	0.182773	0	0	1	0.5	0.03125	0	0.0078125	0.000183105	0	
42	0.788984	0.211016	0	0.0625	0.03125	0.56979	0.57376	0.57376	1.57603e-05	0.03125	0.394492	0.788984	0.788984	0.155624	0.223211	0.446423	0	0.0498234	0.759621	0.253207	0	0.199776	0	0	1	0.5	0.03125	0	0.0078125	0.000183105	1	
42	0.90472	0.0952796	0	0.1875	0.09375	0.644884	0.680533	0.680533	0.00054002	0.09375	0.150787	0.90472	0.90472	0.113683	0.0919012	0.551407	0	0.0422291	0.327014	0	0.109005	0.0986187	0	0	1	0.5	0.09375	0	0.0429688	0.00138855	0	
43	0.712541	0.287459	0	0.15625	0.078125	0.634803	0.740829	0.740829	0.00286416	0.078125	0.142508	0.712541	0.712541	0.0812343	0.0856026	0.428013	0	0.0293112	0.544419	0	0.181473	0.129307	0	0	0	0.6875	0.078125	0	0.0241477	0.000948315	0	
43	0.913032	0.0869679	0	0.15625	0.078125	0.614779	0.672625	0.672625	0.000883318	0.078125	0.182606	0.712541	0.712541	0.0762371	0.109546	0.428013	0	0.0275051	0.405926	0.135309	0	0.123541	0	0	1	0.6875	0.078125	0	0.0284091	0.00110166	1	
43	0.0869679	0.913032	0	0.1875	0.09375	0.642902	0.672625	0.672625	0.000966362	0.09375	0.0144947	0.0869679	0.0869679	0.00105047	0.00960906	0.0576543	0	0.00046167	0.455589	0	0.151863	0.0132072	0	0	1	0.6875	0.09375	0	0.0355114	0.00129132	0	
43	0.200491	0.799509	0	0.0625	0.03125	0.627947	0.658787	0.658787	0.00095107	0.03125	0.100246	0.200491	0.200491	0.0100492	0.0598575	0.119715	0	0.00358292	0.57263	0.190877	0	0.0382691	0	0	0	0.6875	0.03125	0	0.0113636	0.000181592	0	
43	0.173936	0.826064	0	0.25	0.125	0.650067	0.680533	0.680533	0.000454839	0.125	0.021742	0.0869679	0.0869679	0.00141814	0.0138324	0.0576543	0	0.000575359	0.409295	0	0.136432	0.0237304	0	0	1	0.6875	0.125	0	0.0568182	0.00218718	0	
43	0.0869679	0.913032	0	0.0625	0.03125	0.652706	0.662938	0.662938	0.0001047	0.03125	0.043484	0.0869679	0.0869679	0.00189085	0.0288272	0.0576543	0	0.000831006	0.374347	0.124782	0	0.0108521	0	0	0	0.6875	0.03125	0	0.0142045	0.000197734	0	
44	0.479955	0.520045	0	0.15625	0.078125	0.601869	0.619861	0.619861	9.24665e-05	0.078125	0.0959911	0.479955	0.479955	0.0368571	0.0576605	0.288302	0	0.0132989	0.570195	0	0.190065	0.0912228	0	0	1	0.5625	0.078125	0	0.0190972	0.000801746	1	
44	0.520045	0.479955	0	0.125	0.0625	0.624987	0.658787	0.658787	0.000496479	0.0625	0.130011	0.520045	0.520045	0.0507087	0.0802287	0.320915	0	0.0193099	0.57263	0.190877	0	0.0992644	0	0	0	0.5625	0.0625	0	0.0190972	0.000584732	0	
45	0.826471	0.173529	0	0.25	0.125	0.629874	0.712468	0.712468	0.00152429	0.125	0.103309	0.826471	0.826471	0.0747091	0.0629806	0.503845	0	0.0277659	0.549463	0	0.183154	0.151372	0	0	1	0.5	0.125	0	0.0429688	0.00267029	1	
45	0.173529	0.826471	0	0.125	0.0625	0.605431	0.637423	0.637423	0.000433653	0.0625	0.0433821	0.173529	0.173529	0.00564603	0.0252766	0.101107	0	0.00191673	0.467343	0.155781	0	0.0270324	0	0	0	0.5	0.0625	0	0.0214844	0.000789642	1	
46	0.574896	0.425104	0	0.125	0.0625	0.608297	0.619861	0.619861	6.72327e-05	0.0625	0.143724	0.514763	0.514763	0.0464926	0.0888006	0.319081	0	0.0178939	0.544419	0	0.181473	0.104328	0	0	0	0.75	0.0625	0	0.0195312	0.000615438	0	
46	0.514763	0.485237	0	0.0625	0.03125	0.616037	0.619861	0.619861	1.46249e-05	0.03125	0.257381	0.514763	0.514763	0.0662451	0.159541	0.319081	0	0.0254532	0.424068	0	0.141356	0.0727648	0	0	0	0.75	0.03125	0	0.00911458	0.00014072	0	
46	0.212552	0.787448	0	0.09375	0.046875	0.654805	0.680533	0.680533	0.000782996	0.046875	0.0708507	0.212552	0.212552	0.0100397	0.0436371	0.130911	0	0.00380839	0.465206	0	0.155069	0.0329602	0	0	0	0.75	0.046875	0	0.0117188	0.000330607	1	
46	0.212552	0.787448	0	0.03125	0.015625	0.615902	0.615902	0.615902	0	0.015625	0.212552	0.212552	0.212552	0	0.130911	0.130911	0.130911	0	0.317	0	0.105667	0.0224597	0	0	0	0.75	0.015625	0	0.00260417	3.39084e-05	1	
46	0.272685	0.727315	0	0.03125	0.015625	0.606497	0.606497	0.606497	0	0.015625	0.272685	0.272685	0.272685	0	0.165383	0.165383	0.165383	0	0.364926	0.121642	0	0.03317	0	0	0	0.75	0.015625	0	0.00651042	5.93397e-05	0	
46	0.212552	0.787448	0	0.0625	0.03125	0.641941	0.66798	0.66798	0.000678036	0.03125	0.106276	0.212552	0.212552	0.0112946	0.0654556	0.130911	0	0.00428444	0.415308	0	0.138436	0.0294249	0	0	0	0.75	0.03125	0	0.00651042	0.00014072	1	
47	0.901683	0.0983174	0	0.15625	0.078125	0.601869	0.619861	0.619861	9.24665e-05	0.078125	0.180337	0.901683	0.901683	0.130085	0.106626	0.533132	0	0.0454768	0.570195	0	0.190065	0.171378	0	0	1	0.625	0.078125	0	0.0203125	0.00102783	1	
47	0.901683	0.0983174	0	0.125	0.0625	0.600318	0.612213	0.612213	5.84747e-05	0.0625	0.225421	0.901683	0.901683	0.152443	0.133283	0.533132	0	0.0532932	0.405926	0.135309	0	0.122006	0	0	1	0.625	0.0625	0	0.01875	0.000820312	0	
47	0.0535408	0.946459	0	0.0625	0.03125	0.578466	0.583171	0.583171	2.21422e-05	0.03125	0.0267704	0.0267704	0.0267704	2.4676e-34	0.0154858	0.0156117	0.0153598	1.58683e-08	0.695565	0.231855	0	0.0124137	0	0	0	0.625	0.03125	0	0.009375	0.00015625	0	
47	0.901683	0.0983174	0	0.1875	0.09375	0.621553	0.658787	0.658787	0.000473581	0.09375	0.15028	0.901683	0.901683	0.112921	0.0888554	0.533132	0	0.0394764	0.455589	0	0.151863	0.136932	0	0	1	0.625	0.09375	0	0.0265625	0.0016626	0	
48	0.87466	0.12534	0	0.125	0.0625	0.608297	0.619861	0.619861	6.72327e-05	0.0625	0.218665	0.87466	0.87466	0.143443	0.135542	0.542168	0	0.0551148	0.544419	0	0.181473	0.158727	0	0	0	0.5625	0.0625	0	0.0173611	0.000675154	0	
48	0.87466	0.12534	0	0.0625	0.03125	0.616037	0.619861	0.619861	1.46249e-05	0.03125	0.43733	0.87466	0.87466	0.191257	0.271084	0.542168	0	0.0734864	0.424068	0	0.141356	0.123638	0	0	0	0.5625	0.03125	0	0.00868056	0.000168789	1	
48	0.12534	0.87466	0	0.125	0.0625	0.600318	0.612213	0.612213	5.84747e-05	0.0625	0.0313351	0.12534	0.12534	0.00294567	0.0185273	0.0741093	0	0.00102979	0.405926	0.135309	0	0.0169597	0	0	1	0.5625	0.0625	0	0.0208333	0.000868056	0	
48	0.12534	0.87466	0	0.1875	0.09375	0.621553	0.658787	0.658787	0.000473581	0.09375	0.0208901	0.12534	0.12534	0.00218198	0.0123516	0.0741093	0	0.000762804	0.455589	0	0.151863	0.0190346	0	0	1	0.5625	0.09375	0	0.0295139	0.00176022	0	
48	0.718338	0.281662	0	0.125	0.0625	0.586466	0.603479	0.603479	0.000107078	0.0625	0.179585	0.718338	0.718338	0.0967518	0.108375	0.433502	0	0.0352357	0.408162	0.136054	0	0.0977327	0	0	1	0.5625	0.0625	0	0.0295139	0.000783661	0	
49	0.996072	0.00392783	0	0.21875	0.109375	0.6209	0.692684	0.692684	0.00110081	0.109375	0.142296	0.996072	0.996072	0.121489	0.0849661	0.594763	0	0.0433154	0.570195	0	0.190065	0.189319	1	0	1	0.5625	0.109375	0	0.0416667	0.00189887	0	
49	0.996072	0.00392783	0	0.1875	0.09375	0.607493	0.636018	0.636018	0.000208922	0.09375	0.166012	0.996072	0.996072	0.1378	0.0991271	0.594763	0	0.0491309	0.405926	0.135309	0	0.134777	0	0	1	0.5625	0.09375	0	0.0364583	0.00173611	0	
49	0.851994	0.148006	0	0.09375	0.046875	0.601231	0.624068	0.624068	0.000342125	0.046875	0.283998	0.851994	0.851994	0.16131	0.177234	0.531702	0	0.0628238	0.602501	0	0.200834	0.171109	0	0	0	0.5625	0.046875	0	0.0208333	0.000379774	1	
49	0.00785567	0.992144	0	0.0625	0.03125	0.578466	0.583171	0.583171	2.21422e-05	0.03125	0.00392783	0.00392783	0.00392783	7.70372e-34	0.00227212	0.0022906	0.00225364	3.41607e-10	0.695565	0.231855	0	0.00182138	0	0	0	0.5625	0.03125	0	0.0104167	0.00016276	0	
49	0.996072	0.00392783	0	0.125	0.0625	0.627533	0.680533	0.680533	0.00128692	0.0625	0.249018	0.996072	0.996072	0.18603	0.15181	0.607239	0	0.0691386	0.452094	0	0.150698	0.150106	0	0	1	0.5625	0.0625	0	0.0190972	0.000747492	0	
49	0.996072	0.00392783	0	0.1875	0.09375	0.6349	0.712468	0.712468	0.00176071	0.09375	0.166012	0.996072	0.996072	0.1378	0.101207	0.607239	0	0.0512138	0.549463	0	0.183154	0.182435	0	0	1	0.5625	0.09375	0	0.0329861	0.0013262	0	
49	0.00392783	0.996072	0	0.09375	0.046875	0.648653	0.7125	0.7125	0.00210806	0.046875	0.00130928	0.00392783	0.00392783	3.42842e-06	0.000932861	0.00279858	0	1.74046e-06	0.364926	0.121642	0	0.00047779	0	0	0	0.5625	0.046875	0	0.0225694	0.000494309	0	
49	0.00392783	0.996072	0	0.0625	0.03125	0.669731	0.7125	0.7125	0.00182924	0.03125	0.00196392	0.00392783	0.00392783	3.85697e-06	0.00139929	0.00279858	0	1.95802e-06	0.374347	0.124782	0	0.000490124	0	0	0	0.5625	0.03125	0	0.015625	0.000217014	0	
50	0.956009	0.0439913	0	0.09375	0.046875	0.614989	0.695975	0.695975	0.00332958	0.046875	0.31867	0.956009	0.956009	0.203101	0.18031	0.540929	0	0.0650232	0.69497	0.231657	0	0.221466	1	0	1	0.6875	0.046875	0	0.00852273	0.000326866	0	
50	0.956009	0.0439913	0	0.0625	0.03125	0.56979	0.57376	0.57376	1.57603e-05	0.03125	0.478004	0.956009	0.956009	0.228488	0.270465	0.540929	0	0.0731511	0.759621	0.253207	0	0.242068	1	0	1	0.6875	0.03125	0	0.00568182	0.000145274	0	
50	0.0879826	0.912017	0	0.25	0.125	0.617935	0.658787	0.658787	0.000394532	0.125	0.0109978	0.0439913	0.0439913	0.000362856	0.00658638	0.0266806	0	0.000130169	0.455589	0	0.151863	0.0133613	0	0	1	0.6875	0.125	0	0.0482955	0.00241719	0	
50	0.655715	0.344285	0	0.09375	0.046875	0.613024	0.637423	0.637423	0.000347573	0.046875	0.218572	0.655715	0.655715	0.095547	0.129432	0.388295	0	0.0335052	0.467343	0.155781	0	0.102148	0	0	0	0.6875	0.046875	0	0.0184659	0.000435821	0	
50	0.344285	0.655715	0	0.1875	0.09375	0.645725	0.680533	0.680533	0.000531013	0.09375	0.0573809	0.344285	0.344285	0.0164628	0.0365207	0.219124	0	0.0066688	0.409295	0	0.136432	0.0469714	0	0	1	0.6875	0.09375	0	0.03125	0.00137607	1	
50	0.344285	0.655715	0	0.15625	0.078125	0.646375	0.680533	0.680533	0.000634679	0.078125	0.0688571	0.344285	0.344285	0.0189652	0.0438248	0.219124	0	0.00768246	0.327014	0	0.109005	0.0375287	0	0	1	0.6875	0.078125	0	0.0241477	0.000903926	1	
50	0.0439913	0.956009	0	0.09375	0.046875	0.622786	0.634901	0.634901	0.00014318	0.046875	0.0146638	0.0439913	0.0439913	0.000430052	0.00889352	0.0266806	0	0.00015819	0.364926	0.121642	0	0.00535119	0	0	0	0.6875	0.046875	0	0.0170455	0.00041968	0	
51	0.904612	0.0953876	0	0.125	0.0625	0.608297	0.619861	0.619861	6.72327e-05	0.0625	0.226153	0.5681	0.5681	0.0578493	0.13857	0.352143	0	0.0220144	0.544419	0	0.181473	0.164163	0	0	0	0.75	0.0625	0	0.0221354	0.000751072	0	
51	0.5681	0.4319	0	0.0625	0.03125	0.616037	0.619861	0.619861	1.46249e-05	0.03125	0.28405	0.5681	0.5681	0.0806843	0.176071	0.352143	0	0.0310012	0.424068	0	0.141356	0.0803043	0	0	0	0.75	0.03125	0	0.0104167	0.000176324	1	
51	0.4319	0.5681	0	0.15625	0.078125	0.601788	0.612213	0.612213	5.54265e-05	0.078125	0.08638	0.336513	0.336513	0.0170064	0.051819	0.202138	0	0.00613559	0.405926	0.135309	0	0.0584399	0	0	1	0.75	0.078125	0	0.0338542	0.00105116	1	
51	0.0953876	0.904612	0	0.1875	0.09375	0.619482	0.658787	0.658787	0.000719151	0.09375	0.0158979	0.0953876	0.0953876	0.00126372	0.00967462	0.0580477	0	0.000467991	0.549463	0	0.183154	0.0174706	0	0	1	0.75	0.09375	0	0.0377604	0.000995212	0	
51	0.904612	0.0953876	0	0.03125	0.015625	0.606497	0.606497	0.606497	0	0.015625	0.904612	0.904612	0.904612	0	0.548644	0.548644	0.548644	0	0.364926	0.121642	0	0.110039	0	0	0	0.75	0.015625	0	0.00651042	5.93397e-05	0	
52	0.838619	0.161381	0	0.09375	0.046875	0.614989	0.695975	0.695975	0.00332958	0.046875	0.27954	0.838619	0.838619	0.156285	0.158169	0.474508	0	0.050035	0.69497	0.231657	0	0.194272	1	0	1	0.6875	0.046875	0	0.00852273	0.000326866	0	
52	0.838619	0.161381	0	0.0625	0.03125	0.56979	0.57376	0.57376	1.57603e-05	0.03125	0.419309	0.838619	0.838619	0.17582	0.237254	0.474508	0	0.0562894	0.759621	0.253207	0	0.212344	1	0	1	0.6875	0.03125	0	0.00568182	0.000145274	1	
52	0.141994	0.858006	0	0.28125	0.140625	0.616587	0.658787	0.658787	0.000365249	0.140625	0.0157771	0.0709969	0.0709969	0.000871208	0.00944859	0.0430594	0	0.00031253	0.455589	0	0.151863	0.0215636	0	0	1	0.6875	0.140625	0	0.0454545	0.00352692	0	
52	0.0903843	0.909616	0	0.09375	0.046875	0.662008	0.680533	0.680533	0.000326317	0.046875	0.0301281	0.0903843	0.0903843	0.0018154	0.019207	0.057621	0	0.000737817	0.465206	0	0.155069	0.0140158	0	0	0	0.6875	0.046875	0	0.0170455	0.000286512	0	
52	0.0709969	0.929003	0	0.09375	0.046875	0.622786	0.634901	0.634901	0.00014318	0.046875	0.0236656	0.0709969	0.0709969	0.00112012	0.0143531	0.0430594	0	0.000412024	0.364926	0.121642	0	0.0086362	0	0	0	0.6875	0.046875	0	0.015625	0.000443892	0	
53	0.291186	0.708814	0	0.125	0.0625	0.608297	0.619861	0.619861	6.72327e-05	0.0625	0.0727965	0.291186	0.291186	0.015898	0.0437278	0.174911	0	0.00573636	0.544419	0	0.181473	0.0528423	0	0	0	0.4375	0.0625	0	0.0290179	0.000727439	0	
53	0.708814	0.291186	0	0.09375	0.046875	0.614989	0.695975	0.695975	0.00332958	0.046875	0.236271	0.708814	0.708814	0.111648	0.133687	0.401061	0	0.0357445	0.69497	0.231657	0	0.164202	1	0	1	0.4375	0.046875	0	0.0133929	0.000448422	0	
53	0.708814	0.291186	0	0.0625	0.03125	0.56979	0.57376	0.57376	1.57603e-05	0.03125	0.354407	0.708814	0.708814	0.125604	0.200531	0.401061	0	0.0402126	0.759621	0.253207	0	0.179477	1	0	1	0.4375	0.03125	0	0.00892857	0.000199298	0	
53	0.291186	0.708814	0	0.25	0.125	0.617935	0.658787	0.658787	0.000394532	0.125	0.0363982	0.291186	0.291186	0.00927382	0.0228203	0.182562	0	0.00364536	0.455589	0	0.151863	0.0442204	0	0	1	0.4375	0.125	0	0.0625	0.00285993	0	
53	0.994146	0.00585427	0	0.03125	0.015625	0.592171	0.592171	0.592171	0	0.015625	0.994146	0.994146	0.994146	0	0.588704	0.588704	0.588704	0	0.467343	0.155781	0	0.154869	0	0	0	0.4375	0.015625	0	0.00892857	5.97895e-05	0	
53	0.00585427	0.994146	0	0.03125	0.015625	0.642473	0.642473	0.642473	0	0.015625	0.00585427	0.00585427	0.00585427	0	0.00376121	0.00376121	0.00376121	0	0.409295	0	0.136432	0.000798707	0	0	1	0.4375	0.015625	0	0.00892857	5.97895e-05	0	
53	0.291186	0.708814	0	0.09375	0.046875	0.622786	0.634901	0.634901	0.00014318	0.046875	0.097062	0.291186	0.291186	0.018842	0.0608541	0.182562	0	0.00740644	0.364926	0.121642	0	0.0354204	0	0	0	0.4375	0.046875	0	0.0245536	0.000478316	0	
53	0.29704	0.70296	0	0.125	0.0625	0.628299	0.642473	0.642473	0.00015604	0.0625	0.07426	0.291186	0.291186	0.0156913	0.0465809	0.182562	0	0.006166	0.374347	0.124782	0	0.0370653	0	0	0	0.4375	0.0625	0	0.03125	0.000767299	1	
54	0.833351	0.166649	0	0.0625	0.03125	0.600556	0.600686	0.600686	1.67125e-08	0.03125	0.416675	0.833351	0.833351	0.173618	0.250291	0.500582	0	0.0626456	0.544419	0	0.181473	0.151231	0	0	0	0.625	0.03125	0	0.0109375	0.000197754	0	
54	0.604447	0.395553	0	0.1875	0.09375	0.619482	0.658787	0.658787	0.000719151	0.09375	0.100741	0.437798	0.437798	0.0264243	0.0633424	0.278641	0	0.010642	0.549463	0	0.183154	0.110707	0	0	1	0.625	0.09375	0	0.0421875	0.00102783	0	
54	0.562202	0.437798	0	0.09375	0.046875	0.613024	0.637423	0.637423	0.000347573	0.046875	0.187401	0.562202	0.562202	0.0702381	0.114217	0.34265	0	0.0260909	0.467343	0.155781	0	0.0875804	0	0	0	0.625	0.046875	0	0.025	0.000449219	1	
54	0.833351	0.166649	0	0.03125	0.015625	0.606497	0.606497	0.606497	0	0.015625	0.833351	0.833351	0.833351	0	0.505424	0.505424	0.505424	0	0.364926	0.121642	0	0.10137	0	0	0	0.625	0.015625	0	0.0078125	6.10352e-05	0	
55	0.682373	0.317627	0	0.1875	0.09375	0.621553	0.658787	0.658787	0.000473581	0.09375	0.113729	0.364746	0.364746	0.0260535	0.0702032	0.222079	0	0.00990082	0.455589	0	0.151863	0.103627	0	0	1	0.8125	0.09375	0	0.0240385	0.0010748	1	
55	0.317627	0.682373	0	0.125	0.0625	0.624987	0.658787	0.658787	0.000496479	0.0625	0.0794068	0.317627	0.317627	0.0189163	0.049785	0.19914	0	0.00743563	0.57263	0.190877	0	0.0606276	0	0	0	0.8125	0.0625	0	0.0168269	0.000468057	0	
55	0.682373	0.317627	0	0.1875	0.09375	0.650069	0.680533	0.680533	0.000597113	0.09375	0.113729	0.682373	0.682373	0.0646712	0.0693152	0.415891	0	0.024023	0.327014	0	0.109005	0.0743818	0	0	1	0.8125	0.09375	0	0.0276442	0.00109502	0	
55	0.317627	0.682373	0	0.0625	0.03125	0.630931	0.634901	0.634901	1.57588e-05	0.03125	0.158814	0.317627	0.317627	0.0252217	0.0995699	0.19914	0	0.00991417	0.364926	0.121642	0	0.0386368	0	0	0	0.8125	0.03125	0	0.00841346	0.000173354	0	
56	0.944782	0.0552175	0	0.0625	0.03125	0.600556	0.600686	0.600686	1.67125e-08	0.03125	0.472391	0.944782	0.944782	0.223153	0.283759	0.567517	0	0.080519	0.544419	0	0.181473	0.171452	0	0	0	0.625	0.03125	0	0.0109375	0.000197754	0	
56	0.831385	0.168615	0	0.09375	0.046875	0.614989	0.695975	0.695975	0.00332958	0.046875	0.277128	0.831385	0.831385	0.1536	0.156805	0.470415	0	0.0491755	0.69497	0.231657	0	0.192596	0	0	1	0.625	0.046875	0	0.009375	0.000351562	0	
56	0.831385	0.168615	0	0.0625	0.03125	0.56979	0.57376	0.57376	1.57603e-05	0.03125	0.415693	0.831385	0.831385	0.1728	0.235207	0.470415	0	0.0553225	0.759621	0.253207	0	0.210513	0	0	1	0.625	0.03125	0	0.00625	0.00015625	0	
56	0.223832	0.776168	0	0.1875	0.09375	0.619482	0.658787	0.658787	0.000719151	0.09375	0.0373054	0.168615	0.168615	0.00385497	0.0222419	0.0998489	0	0.00135512	0.549463	0	0.183154	0.0409959	0	0	1	0.625	0.09375	0	0.0453125	0.000852051	1	
56	0.168615	0.831385	0	0.0625	0.03125	0.674257	0.680533	0.680533	3.93963e-05	0.03125	0.0843075	0.168615	0.168615	0.00710775	0.0563157	0.112631	0	0.00317146	0.465206	0	0.155069	0.0261469	0	0	0	0.625	0.03125	0	0.0109375	0.000197754	0	
56	0.944782	0.0552175	0	0.03125	0.015625	0.606497	0.606497	0.606497	0	0.015625	0.944782	0.944782	0.944782	0	0.573007	0.573007	0.573007	0	0.364926	0.121642	0	0.114925	0	0	0	0.625	0.015625	0	0.0078125	6.10352e-05	0	
56	0.168615	0.831385	0	0.03125	0.015625	0.66798	0.66798	0.66798	0	0.015625	0.168615	0.168615	0.168615	0	0.112631	0.112631	0.112631	0	0.415308	0	0.138436	0.0233424	0	0	0	0.625	0.015625	0	0.0046875	5.12695e-05	0	
57	0.993462	0.0065378	0	0.15625	0.078125	0.589762	0.603479	0.603479	0.000129103	0.078125	0.198692	0.993462	0.993462	0.157915	0.119907	0.599533	0	0.0575104	0.408162	0.136054	0	0.135164	0	0	1	0.5	0.078125	0	0.0410156	0.00109482	1	
58	0.318574	0.681426	0	0.21875	0.109375	0.624185	0.680533	0.680533	0.000936663	0.109375	0.0455106	0.318574	0.318574	0.0124273	0.0277377	0.194164	0	0.00461628	0.452094	0	0.150698	0.0480085	0	0	1	0.75	0.109375	0	0.0364583	0.00172255	0	
58	0.317627	0.682373	0	0.125	0.0625	0.624987	0.658787	0.658787	0.000496479	0.0625	0.0794068	0.317627	0.317627	0.0189163	0.049785	0.19914	0	0.00743563	0.57263	0.190877	0	0.0606276	0	0	0	0.75	0.0625	0	0.0234375	0.000590007	1	
58	0.317627	0.682373	0	0.0625	0.03125	0.630931	0.634901	0.634901	1.57588e-05	0.03125	0.158814	0.317627	0.317627	0.0252217	0.0995699	0.19914	0	0.00991417	0.364926	0.121642	0	0.0386368	0	0	0	0.75	0.03125	0	0.0143229	0.0002221	0	
59	0.996072	0.00392783	0	0.21875	0.109375	0.6209	0.692684	0.692684	0.00110081	0.109375	0.142296	0.996072	0.996072	0.121489	0.0849661	0.594763	0	0.0433154	0.570195	0	0.190065	0.189319	1	0	1	0.5625	0.109375	0	0.0295139	0.0014347	0	
59	0.996072	0.00392783	0	0.1875	0.09375	0.607493	0.636018	0.636018	0.000208922	0.09375	0.166012	0.996072	0.996072	0.1378	0.0991271	0.594763	0	0.0491309	0.405926	0.135309	0	0.134777	0	0	1	0.5625	0.09375	0	0.0260417	0.00141059	0	
59	0.00785567	0.992144	0	0.0625	0.03125	0.578466	0.583171	0.583171	2.21422e-05	0.03125	0.00392783	0.00392783	0.00392783	1.92593e-34	0.00227212	0.0022906	0.00225364	3.41607e-10	0.695565	0.231855	0	0.00182138	0	0	0	0.5625	0.03125	0	0.0104167	0.00016276	0	
59	0.996072	0.00392783	0	0.125	0.0625	0.627533	0.680533	0.680533	0.00128692	0.0625	0.249018	0.996072	0.996072	0.18603	0.15181	0.607239	0	0.0691386	0.452094	0	0.150698	0.150106	0	0	1	0.5625	0.0625	0	0.0121528	0.000530478	0	
59	0.996072	0.00392783	0	0.1875	0.09375	0.6349	0.712468	0.712468	0.00176071	0.09375	0.166012	0.996072	0.996072	0.1378	0.101207	0.607239	0	0.0512138	0.549463	0	0.183154	0.182435	0	0	1	0.5625	0.09375	0	0.0225694	0.000928337	1	
59	0.00392783	0.996072	0	0.09375	0.046875	0.648653	0.7125	0.7125	0.00210806	0.046875	0.00130928	0.00392783	0.00392783	3.42842e-06	0.000932861	0.00279858	0	1.74046e-06	0.364926	0.121642	0	0.00047779	0	0	0	0.5625	0.046875	0	0.0173611	0.00045814	0	
59	0.00392783	0.996072	0	0.0625	0.03125	0.669731	0.7125	0.7125	0.00182924	0.03125	0.00196392	0.00392783	0.00392783	3.85697e-06	0.00139929	0.00279858	0	1.95802e-06	0.374347	0.124782	0	0.000490124	0	0	0	0.5625	0.03125	0	0.0121528	0.000204958	0	
